0 0 391 1
1 0 299 1
2 0 344 1
3 2 68 0
4 2 119 1
5 5 126 1
6 6 2602 2
7 6 1019 2
8 6 418 1
9 7 113 1
10 9 2659 2
11 10 125 1
12 10 383 1
13 11 252 1
14 12 103 0
15 12 129 1
16 13 125 1
17 13 353 1
18 13 429 1
19 14 91 0
20 15 137 1
21 15 298 1
22 15 187 1
23 16 131 1
24 17 80 0
25 17 216 1
26 18 69 0
27 21 400 1
28 21 171 1
29 22 247 1
30 22 1676 2
31 23 131 1
32 25 215 1
33 26 188 1
34 27 178 1
35 27 409 1
36 27 203 1
37 28 424 1
38 28 242 1
39 29 113 0
40 29 297 1
41 29 380 1
42 29 150 1
43 30 60 0
44 30 164 1
45 31 237 1
46 32 108 0
47 32 104 0
48 33 265 1
49 34 153 1
50 34 44 0
51 35 127 0
52 36 163 1
53 36 105 0
54 38 240 1
55 38 273 1
56 38 298 1
57 38 327 1
58 38 127 0
59 39 134 0
60 39 214 1
61 40 149 1
62 40 157 1
63 40 174 1
64 41 123 0
65 41 216 1
66 43 366 1
67 43 56 0
68 43 116 0
69 43 337 1
70 44 45 0
71 45 1973 2
72 45 401 1
73 45 162 1
74 45 150 1
75 47 1938 2
76 48 298 1
77 49 215 1
78 50 319 1
79 51 193 1
80 52 370 1
81 52 414 1
82 52 463 1
83 55 2413 2
84 55 174 1
85 56 273 1
86 57 427 1
87 57 449 1
88 58 2068 2
89 58 217 1
90 60 300 1
91 60 312 1
92 61 2489 2
93 61 2887 2
94 62 136 0
95 63 140 0
96 63 168 1
97 63 133 0
98 63 311 1
99 64 425 1
100 64 150 0
101 64 325 1
102 65 2645 2
103 65 466 1
104 66 181 1
105 67 204 1
106 68 2104 2
107 68 253 1
108 69 193 1
109 69 216 1
110 70 80 0
111 71 167 0
112 71 458 1
113 72 364 1
114 72 150 0
115 72 468 1
116 73 144 0
117 73 75 0
118 73 270 1
119 73 1909 2
120 73 190 1
121 73 1556 2
122 74 1820 2
123 74 258 1
124 75 105 0
125 76 85 0
126 76 297 1
127 76 310 1
128 77 174 0
129 78 352 1
130 79 324 1
131 79 203 1
132 81 190 1
133 82 253 1
134 83 412 1
135 83 175 0
136 84 144 0
137 84 469 1
138 85 128 0
139 85 299 1
140 85 148 0
141 85 298 1
142 85 259 1
143 85 265 1
144 86 202 1
145 86 101 0
146 86 162 0
147 87 293 1
148 87 303 1
149 87 262 1
150 87 359 1
151 88 370 1
152 88 2495 2
153 88 183 0
154 88 150 0
155 89 107 0
156 89 203 1
157 90 500 1
158 90 266 1
159 91 111 0
160 93 239 1
161 94 152 0
162 95 381 1
163 95 194 0
164 97 161 0
165 97 139 0
166 98 203 1
167 99 204 1
168 99 1359 2
169 99 236 1
170 100 142 0
171 100 411 1
172 100 431 1
173 101 403 1
174 101 2453 2
175 102 226 1
176 102 2650 2
177 102 365 1
178 102 205 1
179 104 339 1
180 105 1928 2
181 105 256 1
182 105 190 0
183 105 245 1
184 105 231 1
185 105 310 1
186 106 183 0
187 107 305 1
188 108 172 0
189 109 224 1
190 109 196 0
191 109 2700 2
192 109 348 1
193 110 113 0
194 110 270 1
195 111 221 1
196 111 404 1
197 111 270 1
198 112 308 1
199 112 442 1
200 112 494 1
201 112 363 1
202 113 428 1
203 113 409 1
204 113 523 1
205 113 470 1
206 113 380 1
207 114 187 0
208 114 338 1
209 115 225 1
210 116 140 0
211 117 290 1
212 117 168 0
213 117 252 1
214 117 292 1
215 117 488 1
216 117 231 1
217 118 209 0
218 118 1944 2
219 118 2330 2
220 119 251 1
221 119 309 1
222 119 483 1
223 119 494 1
224 119 2667 2
225 119 200 0
226 119 525 1
227 120 234 1
228 120 284 1
229 120 283 1
230 121 1643 2
231 121 518 1
232 121 142 0
233 121 291 1
234 121 530 1
235 121 188 0
236 122 197 0
237 122 267 1
238 122 2502 2
239 123 321 1
240 123 2987 2
241 123 254 1
242 123 463 1
243 123 174 0
244 124 366 1
245 124 2831 2
246 124 272 1
247 124 147 0
248 124 165 0
249 124 2157 2
250 124 237 1
251 124 345 1
252 124 217 0
253 124 326 1
254 125 179 0
255 125 266 1
256 125 185 0
257 125 343 1
258 125 324 1
259 125 355 1
260 125 295 1
261 125 364 1
262 126 343 1
263 126 460 1
264 126 2783 2
265 126 226 1
266 126 202 0
267 126 240 1
268 126 199 0
269 126 250 1
270 126 212 0
271 126 541 1
272 127 355 1
273 127 395 1
274 127 151 0
275 127 267 1
276 127 207 0
277 127 407 1
278 127 279 1
279 127 307 1
280 127 504 1
281 128 2649 2
282 128 367 1
283 128 278 1
284 128 246 1
285 129 353 1
286 129 532 1
287 129 319 1
288 129 180 0
289 129 249 1
290 129 258 1
291 130 165 0
292 130 348 1
293 130 327 1
294 130 364 1
295 130 249 1
296 130 513 1
297 130 459 1
298 130 307 1
299 130 186 0
300 131 283 1
301 131 200 0
302 131 308 1
303 131 531 1
304 131 2494 2
305 131 280 1
306 131 179 0
307 131 528 1
308 132 234 1
309 132 272 1
310 132 2767 2
311 132 508 1
312 132 291 1
313 132 242 1
314 132 516 1
315 132 271 1
316 132 2221 2
317 132 400 1
318 133 336 1
319 133 151 0
320 133 2620 2
321 133 140 0
322 133 398 1
323 133 166 0
324 133 379 1
325 133 545 1
326 134 237 1
327 134 395 1
328 134 502 1
329 134 346 1
330 135 216 0
331 135 240 1
332 135 478 1
333 135 219 0
334 136 417 1
335 136 2598 2
336 136 268 1
337 136 369 1
338 136 401 1
339 136 183 0
340 136 160 0
341 136 192 0
342 136 237 1
343 136 2167 2
344 136 365 1
345 136 520 1
346 137 255 1
347 137 294 1
348 137 498 1
349 137 362 1
350 137 1693 2
351 138 516 1
352 138 333 1
353 138 214 0
354 138 460 1
355 138 2737 2
356 138 361 1
357 138 269 1
358 138 497 1
359 138 245 1
360 138 546 1
361 139 2420 2
362 139 470 1
363 139 2249 2
364 139 317 1
365 139 499 1
366 139 153 0
367 139 299 1
368 139 249 1
369 140 184 0
370 140 211 0
371 140 929 2
372 140 538 1
373 140 242 1
374 140 511 1
375 140 506 1
376 140 369 1
377 141 200 0
378 141 243 1
379 141 281 1
380 141 170 0
381 141 237 0
382 141 1956 2
383 141 309 1
384 141 202 0
385 142 297 1
386 142 371 1
387 142 506 1
388 142 2950 2
389 142 286 1
390 142 1848 2
391 142 2240 2
392 143 2888 2
393 143 187 0
394 143 316 1
395 143 257 1
396 143 535 1
397 144 307 1
398 144 303 1
399 144 504 1
400 144 262 1
401 144 260 1
402 144 230 0
403 145 408 1
404 145 238 0
405 145 255 1
406 145 179 0
407 145 560 1
408 145 348 1
409 145 1879 2
410 145 344 1
411 146 1671 2
412 146 261 1
413 146 290 1
414 146 160 0
415 146 303 1
416 146 265 1
417 146 258 1
418 146 186 0
419 146 515 1
420 147 442 1
421 147 549 1
422 147 372 1
423 147 436 1
424 147 1849 2
425 147 305 1
426 147 254 1
427 148 362 1
428 148 241 0
429 148 992 2
430 148 287 1
431 149 169 0
432 149 300 1
433 149 210 0
434 150 252 1
435 150 231 0
436 150 2309 2
437 150 492 1
438 150 352 1
439 150 267 1
440 150 2883 2
441 151 2686 2
442 151 178 0
443 152 428 1
444 152 483 1
445 152 249 0
446 152 328 1
447 152 368 1
448 152 262 1
449 152 416 1
450 153 314 1
451 153 565 1
452 153 394 1
453 154 574 1
454 154 304 1
455 154 329 1
456 154 416 1
457 154 168 0
458 154 375 1
459 155 257 1
460 155 229 0
461 155 218 0
462 155 334 1
463 156 260 1
464 156 216 0
465 156 260 1
466 156 2025 2
467 156 254 0
468 156 292 1
469 156 183 0
470 157 567 1
471 157 2733 2
472 157 223 0
473 157 565 1
474 157 495 1
475 157 243 0
476 157 245 0
477 158 359 1
478 158 191 0
479 158 218 0
480 158 2619 2
481 158 172 0
482 158 453 1
483 158 333 1
484 158 320 1
485 158 313 1
486 158 2847 2
487 159 277 1
488 159 2538 2
489 159 299 1
490 159 331 1
491 159 272 1
492 159 181 0
493 159 198 0
494 159 579 1
495 160 178 0
496 160 247 0
497 160 230 0
498 160 292 1
499 160 227 0
500 161 556 1
501 161 306 1
502 161 428 1
503 161 227 0
504 161 536 1
505 161 346 1
506 162 168 0
507 162 460 1
508 162 580 1
509 162 291 1
510 163 231 0
511 163 501 1
512 163 365 1
513 163 286 1
514 163 583 1
515 163 572 1
516 163 432 1
517 163 291 1
518 163 378 1
519 164 332 1
520 164 245 0
521 164 403 1
522 164 337 1
523 164 388 1
524 164 236 0
525 164 270 1
526 164 2446 2
527 164 310 1
528 165 274 1
529 165 2315 2
530 165 2765 2
531 165 329 1
532 165 266 1
533 165 413 1
534 165 250 0
535 165 2852 2
536 165 309 1
537 165 585 1
538 165 540 1
539 166 265 0
540 166 378 1
541 166 536 1
542 166 252 0
543 166 576 1
544 166 174 0
545 166 201 0
546 166 241 0
547 167 354 1
548 167 298 1
549 167 387 1
550 167 330 1
551 167 295 1
552 167 368 1
553 167 334 1
554 167 231 0
555 167 460 1
556 168 411 1
557 168 448 1
558 168 254 0
559 168 571 1
560 168 414 1
561 168 434 1
562 168 169 0
563 169 271 1
564 169 233 0
565 169 368 1
566 169 327 1
567 169 180 0
568 169 343 1
569 169 249 0
570 170 2582 2
571 170 411 1
572 170 329 1
573 170 409 1
574 170 477 1
575 170 2310 2
576 171 1727 2
577 171 213 0
578 171 250 0
579 171 547 1
580 172 295 1
581 172 361 1
582 172 361 1
583 172 428 1
584 172 364 1
585 173 274 1
586 173 354 1
587 173 2441 2
588 173 588 1
589 173 332 1
590 173 481 1
591 173 353 1
592 173 204 0
593 173 266 0
594 173 544 1
595 173 2004 2
596 173 426 1
597 173 2316 2
598 174 335 1
599 174 258 0
600 174 191 0
601 174 572 1
602 174 568 1
603 175 271 0
604 175 243 0
605 175 2231 2
606 175 280 1
607 175 296 1
608 175 303 1
609 175 251 0
610 175 334 1
611 176 371 1
612 176 489 1
613 176 246 0
614 176 575 1
615 176 291 1
616 176 581 1
617 176 442 1
618 176 278 1
619 176 353 1
620 176 557 1
621 177 2009 2
622 177 333 1
623 177 240 0
624 177 1911 2
625 177 329 1
626 177 289 1
627 177 257 0
628 177 277 1
629 177 329 1
630 178 293 1
631 178 554 1
632 178 260 0
633 178 208 0
634 178 263 0
635 178 243 0
636 178 184 0
637 178 289 1
638 178 466 1
639 178 445 1
640 179 213 0
641 179 286 1
642 180 346 1
643 180 586 1
644 181 312 1
645 181 244 0
646 182 3052 2
647 183 571 1
648 183 272 0
649 183 598 1
650 184 217 0
651 184 411 1
652 184 303 1
653 184 356 1
654 185 2371 2
655 185 297 1
656 186 240 0
657 187 570 1
658 187 510 1
659 187 252 0
660 188 368 1
661 188 387 1
662 189 306 1
663 189 400 1
664 189 318 1
665 191 343 1
666 191 325 1
667 191 303 1
668 192 481 1
669 192 326 1
670 192 585 1
671 192 441 1
672 193 346 1
673 193 261 0
674 193 268 0
675 194 397 1
676 194 312 1
677 195 250 0
678 195 487 1
679 195 2098 2
680 195 2177 2
681 196 295 0
682 196 2252 2
683 196 256 0
684 197 491 1
685 197 253 0
686 197 3061 2
687 197 2414 2
688 198 348 1
689 198 360 1
690 198 2514 2
691 198 263 0
692 199 361 1
693 200 300 1
694 200 609 1
695 200 391 1
696 200 312 1
697 201 303 1
698 201 265 0
699 201 377 1
700 202 296 0
701 202 473 1
702 202 431 1
703 202 309 1
704 203 334 1
705 204 306 1
706 204 331 1
707 204 392 1
708 205 321 1
709 206 2791 2
710 206 385 1
711 206 344 1
712 206 424 1
713 206 455 1
714 206 289 0
715 207 586 1
716 207 391 1
717 207 454 1
718 208 1796 2
719 208 351 1
720 208 289 0
721 209 377 1
722 209 314 1
723 209 293 0
724 209 397 1
725 210 256 0
726 210 2402 2
727 211 444 1
728 211 325 1
729 213 298 0
730 213 313 1
731 213 398 1
732 213 398 1
733 213 553 1
734 214 370 1
735 214 1073 2
736 215 425 1
737 216 353 1
738 216 396 1
739 216 601 1
740 217 295 0
741 217 398 1
742 217 314 0
743 217 327 1
744 217 351 1
745 218 405 1
746 218 282 0
747 219 367 1
748 219 346 1
749 219 1898 2
750 219 458 1
751 219 447 1
752 220 421 1
753 220 315 0
754 221 411 1
755 221 2368 2
756 221 263 0
757 221 2913 2
758 221 400 1
759 222 474 1
760 222 1824 2
761 222 306 0
762 222 294 0
763 223 284 0
764 224 1363 2
765 224 379 1
766 225 503 1
767 225 318 0
768 225 2665 2
769 225 517 1
770 226 2945 2
771 226 371 1
772 226 616 1
773 226 257 0
774 226 328 1
775 227 349 1
776 227 289 0
777 227 406 1
778 227 366 1
779 227 288 0
780 229 292 0
781 229 1763 2
782 229 249 0
783 229 388 1
784 230 345 1
785 230 271 0
786 230 332 1
787 230 327 0
788 230 356 1
789 230 518 1
790 230 2762 2
791 230 452 1
792 230 604 1
793 231 291 0
794 232 1965 2
795 232 382 1
796 233 2620 2
797 233 333 1
798 233 531 1
799 233 537 1
800 234 442 1
801 234 320 0
802 234 398 1
803 234 626 1
804 235 472 1
805 235 423 1
806 236 1791 2
807 236 619 1
808 237 376 1
809 237 387 1
810 239 291 0
811 239 406 1
812 239 2686 2
813 240 433 1
814 240 382 1
815 240 421 1
816 241 416 1
817 241 600 1
818 241 422 1
819 242 650 1
820 245 349 1
821 247 358 1
822 248 639 1
823 251 469 1
824 252 280 0
825 252 1808 2
826 253 355 1
827 253 297 0
828 254 275 0
829 254 2740 2
830 255 1815 2
831 256 374 1
832 256 388 1
833 257 353 0
834 257 519 1
835 257 355 0
836 257 440 1
837 258 573 1
838 258 260 0
839 258 389 1
840 260 428 1
841 261 445 1
842 261 444 1
843 262 381 1
844 263 371 1
845 263 362 0
846 264 507 1
847 265 386 1
848 265 661 1
849 267 474 1
850 267 431 1
851 270 385 1
852 273 685 1
853 274 405 1
854 274 471 1
855 275 342 0
856 276 381 1
857 278 366 0
858 279 521 1
859 282 374 0
860 283 353 0
861 283 406 1
862 283 388 1
863 285 572 1
864 291 660 1
865 295 688 1
866 296 632 1
867 297 406 1
868 302 685 1
869 308 400 0
870 308 391 0
871 309 389 0
872 310 709 1
873 317 474 1
874 319 367 0
875 322 3061 2
876 327 740 1
877 334 420 0
878 335 519 1
879 338 2987 2
880 339 488 1
881 340 2659 2
882 345 555 1
883 347 448 1
884 352 3207 2
885 352 500 1
886 354 515 1
887 356 472 1
888 359 364 0
889 359 2741 2
890 359 531 1
891 363 473 1
892 363 393 0
893 364 467 1
894 364 750 1
895 364 543 1
896 365 3240 2
897 367 375 0
898 368 744 1
899 370 758 1
900 372 573 1
901 375 720 1
902 375 505 1
903 377 2496 2
904 378 470 0
905 378 391 0
906 378 535 1
907 379 474 0
908 381 520 1
909 383 452 0
910 383 772 1
911 383 468 0
912 384 452 0
913 386 468 0
914 387 689 1
915 387 2930 2
916 388 509 1
917 390 736 1
918 391 647 1
919 391 542 1
920 391 440 0
921 393 428 0
922 394 511 1
923 394 683 1
924 394 560 1
925 395 739 1
926 397 633 1
927 398 677 1
928 399 442 0
929 400 483 0
930 402 494 0
931 402 519 1
932 403 2630 2
933 406 2711 2
934 407 645 1
935 408 553 1
936 409 3052 2
937 411 605 1
938 412 634 1
939 413 620 1
940 415 746 1
941 415 490 0
942 416 520 1
943 418 497 0
944 418 565 1
945 418 515 0
946 422 460 0
947 423 786 1
948 426 2391 2
949 433 506 0
950 444 573 1
951 452 506 0
952 460 842 1
953 468 545 0
954 470 602 1
955 471 501 0
956 490 630 1
957 493 555 0
958 498 588 0
959 505 602 0
960 510 614 1
961 510 613 1
962 519 2583 2
963 531 534 0
964 536 682 1
965 538 891 1
966 540 654 1
967 540 906 1
968 541 660 1
969 553 2395 2
970 554 3116 2
971 561 774 1
972 564 667 1
973 566 775 1
974 567 729 1
975 568 714 1
976 569 800 1
977 570 638 0
978 572 688 1
979 575 2171 2
980 576 641 0
981 580 674 0
982 588 650 0
983 593 703 1
984 595 673 0
985 598 2537 2
986 600 692 0
987 601 621 0
988 615 993 1
989 617 2088 2
990 631 788 1
991 632 752 1
992 634 868 1
993 639 742 1
994 645 2643 2
995 646 1064 1
996 688 815 1
997 741 845 1
998 789 2519 2
999 884 2926 2