1 35 86 0
2 36 83 0
3 36 86 0
4 37 89 0
5 37 89 0
6 37 86 0
7 37 87 0
8 38 85 0
9 38 173 1
10 39 90 0
11 39 175 1
12 39 86 0
13 40 93 0
14 40 86 0
15 40 180 1
16 40 92 0
17 40 86 0
18 40 94 0
19 40 89 0
20 40 89 0
21 41 92 0
22 41 93 0
23 41 88 0
24 41 88 0
25 41 86 0
26 41 89 0
27 41 95 0
28 41 91 0
29 41 95 0
30 41 204 1
31 41 90 0
32 42 91 0
33 42 93 0
34 42 95 0
35 42 87 0
36 42 95 0
37 42 94 0
38 42 201 1
39 42 93 0
40 42 94 0
41 42 91 0
42 43 89 0
43 43 95 0
44 43 88 0
45 43 96 0
46 43 180 1
47 43 90 0
48 43 207 1
49 43 94 0
50 43 93 0
51 43 190 1
52 43 91 0
53 43 199 1
54 43 199 1
55 43 90 0
56 43 89 0
57 43 186 1
58 43 194 1
59 43 96 0
60 43 88 0
61 44 91 0
62 44 92 0
63 44 179 1
64 44 207 1
65 44 97 0
66 44 93 0
67 44 98 0
68 44 92 0
69 44 96 0
70 44 96 0
71 44 91 0
72 44 89 0
73 44 97 0
74 44 94 0
75 44 95 0
76 44 93 0
77 44 95 0
78 44 97 0
79 44 205 1
80 44 98 0
81 44 89 0
82 44 92 0
83 44 94 0
84 44 573 2
85 44 93 0
86 44 94 0
87 44 96 0
88 44 91 0
89 44 91 0
90 44 95 0
91 45 496 2
92 45 95 0
93 45 518 2
94 45 99 0
95 45 91 0
96 45 91 0
97 45 92 0
98 45 96 0
99 45 91 0
100 45 99 0
101 45 202 1
102 45 507 2
103 45 90 0
104 45 99 0
105 45 93 0
106 45 90 0
107 45 91 0
108 45 93 0
109 45 186 1
110 45 90 0
111 45 92 0
112 45 90 0
113 45 203 1
114 45 97 0
115 45 94 0
116 45 186 1
117 45 90 0
118 45 93 0
119 45 182 1
120 45 99 0
121 45 93 0
122 45 90 0
123 45 96 0
124 46 209 1
125 46 98 0
126 46 98 0
127 46 94 0
128 46 94 0
129 46 91 0
130 46 92 0
131 46 93 0
132 46 97 0
133 46 94 0
134 46 95 0
135 46 99 0
136 46 96 0
137 46 197 1
138 46 95 0
139 46 97 0
140 46 197 1
141 46 95 0
142 46 94 0
143 46 99 0
144 46 97 0
145 46 91 0
146 46 99 0
147 46 99 0
148 46 97 0
149 46 546 2
150 46 100 0
151 46 99 0
152 46 96 0
153 46 92 0
154 46 95 0
155 46 100 0
156 46 197 1
157 46 92 0
158 46 92 0
159 46 94 0
160 46 183 1
161 46 99 0
162 47 98 0
163 47 101 0
164 47 97 0
165 47 197 1
166 47 98 0
167 47 209 1
168 47 96 0
169 47 93 0
170 47 94 0
171 47 95 0
172 47 189 1
173 47 95 0
174 47 92 0
175 47 93 0
176 47 97 0
177 47 92 0
178 47 92 0
179 47 92 0
180 47 99 0
181 47 589 2
182 47 98 0
183 47 96 0
184 47 96 0
185 47 209 1
186 47 538 2
187 47 94 0
188 47 92 0
189 47 589 2
190 47 98 0
191 47 100 0
192 47 97 0
193 47 95 0
194 47 193 1
195 47 97 0
196 47 98 0
197 47 191 1
198 47 94 0
199 47 202 1
200 47 92 0
201 47 95 0
202 47 96 0
203 47 95 0
204 47 99 0
205 48 97 0
206 48 186 1
207 48 95 0
208 48 188 1
209 48 93 0
210 48 94 0
211 48 202 1
212 48 96 0
213 48 100 0
214 48 98 0
215 48 100 0
216 48 97 0
217 48 94 0
218 48 554 2
219 48 99 0
220 48 97 0
221 48 100 0
222 48 97 0
223 48 101 0
224 48 93 0
225 48 93 0
226 48 188 1
227 48 544 2
228 48 97 0
229 48 97 0
230 48 198 1
231 48 212 1
232 48 95 0
233 48 94 0
234 48 101 0
235 48 97 0
236 48 197 1
237 48 101 0
238 48 94 0
239 48 102 0
240 48 97 0
241 48 100 0
242 48 543 2
243 48 95 0
244 48 96 0
245 48 101 0
246 48 97 0
247 48 193 1
248 48 102 0
249 48 186 1
250 48 96 0
251 48 99 0
252 48 98 0
253 48 96 0
254 48 102 0
255 48 515 2
256 48 99 0
257 48 97 0
258 48 566 2
259 48 101 0
260 49 94 0
261 49 202 1
262 49 185 1
263 49 186 1
264 49 95 0
265 49 208 1
266 49 198 1
267 49 184 1
268 49 102 0
269 49 99 0
270 49 103 0
271 49 96 0
272 49 96 0
273 49 98 0
274 49 101 0
275 49 99 0
276 49 103 0
277 49 211 1
278 49 101 0
279 49 98 0
280 49 102 0
281 49 98 0
282 49 99 0
283 49 101 0
284 49 95 0
285 49 193 1
286 49 103 0
287 49 98 0
288 49 103 0
289 49 97 0
290 49 102 0
291 49 100 0
292 49 96 0
293 49 99 0
294 49 95 0
295 49 101 0
296 49 102 0
297 49 100 0
298 49 102 0
299 49 98 0
300 49 100 0
301 49 96 0
302 49 206 1
303 49 95 0
304 49 97 0
305 49 99 0
306 49 195 1
307 49 99 0
308 49 94 0
309 49 189 1
310 49 99 0
311 49 103 0
312 49 98 0
313 49 94 0
314 49 94 0
315 49 500 2
316 49 537 2
317 49 188 1
318 49 589 2
319 49 101 0
320 49 200 1
321 49 101 0
322 49 94 0
323 49 99 0
324 49 97 0
325 49 95 0
326 49 94 0
327 49 94 0
328 49 101 0
329 49 94 0
330 49 99 0
331 49 96 0
332 49 193 1
333 49 94 0
334 50 95 0
335 50 96 0
336 50 103 0
337 50 103 0
338 50 104 0
339 50 100 0
340 50 99 0
341 50 102 0
342 50 100 0
343 50 100 0
344 50 98 0
345 50 104 0
346 50 99 0
347 50 188 1
348 50 100 0
349 50 104 0
350 50 564 2
351 50 204 1
352 50 213 1
353 50 191 1
354 50 203 1
355 50 100 0
356 50 541 2
357 50 101 0
358 50 96 0
359 50 104 0
360 50 104 0
361 50 102 0
362 50 202 1
363 50 98 0
364 50 213 1
365 50 97 0
366 50 102 0
367 50 101 0
368 50 103 0
369 50 193 1
370 50 104 0
371 50 102 0
372 50 97 0
373 50 102 0
374 50 104 0
375 50 97 0
376 50 95 0
377 50 198 1
378 50 95 0
379 50 97 0
380 50 99 0
381 50 204 1
382 50 202 1
383 50 98 0
384 50 591 2
385 50 214 1
386 50 100 0
387 50 101 0
388 50 103 0
389 50 99 0
390 50 97 0
391 50 207 1
392 50 204 1
393 50 101 0
394 50 104 0
395 50 100 0
396 50 103 0
397 50 196 1
398 50 100 0
399 50 574 2
400 50 95 0
401 50 104 0
402 50 102 0
403 50 100 0
404 50 104 0
405 50 100 0
406 50 97 0
407 50 100 0
408 50 208 1
409 50 99 0
410 50 97 0
411 50 100 0
412 50 578 2
413 50 203 1
414 50 103 0
415 50 200 1
416 50 99 0
417 50 98 0
418 50 595 2
419 50 101 0
420 50 95 0
421 50 201 1
422 50 196 1
423 51 98 0
424 51 579 2
425 51 97 0
426 51 100 0
427 51 105 0
428 51 105 0
429 51 105 0
430 51 104 0
431 51 105 0
432 51 102 0
433 51 101 0
434 51 96 0
435 51 96 0
436 51 97 0
437 51 100 0
438 51 96 0
439 51 213 1
440 51 102 0
441 51 98 0
442 51 100 0
443 51 100 0
444 51 212 1
445 51 100 0
446 51 200 1
447 51 100 0
448 51 101 0
449 51 101 0
450 51 104 0
451 51 186 1
452 51 189 1
453 51 103 0
454 51 104 0
455 51 105 0
456 51 96 0
457 51 97 0
458 51 100 0
459 51 98 0
460 51 104 0
461 51 104 0
462 51 190 1
463 51 104 0
464 51 96 0
465 51 189 1
466 51 215 1
467 51 103 0
468 51 97 0
469 51 105 0
470 51 99 0
471 51 104 0
472 51 97 0
473 51 104 0
474 51 99 0
475 51 97 0
476 51 102 0
477 51 188 1
478 51 97 0
479 51 200 1
480 51 103 0
481 51 105 0
482 51 96 0
483 51 205 1
484 51 102 0
485 51 188 1
486 51 99 0
487 51 105 0
488 51 104 0
489 51 103 0
490 51 201 1
491 51 102 0
492 51 97 0
493 51 103 0
494 51 105 0
495 51 99 0
496 51 102 0
497 51 557 2
498 51 105 0
499 51 98 0
500 51 101 0
501 51 101 0
502 51 105 0
503 51 102 0
504 51 97 0
505 51 101 0
506 51 102 0
507 51 96 0
508 51 101 0
509 51 100 0
510 51 105 0
511 51 100 0
512 51 97 0
513 51 98 0
514 51 105 0
515 51 103 0
516 51 99 0
517 51 101 0
518 51 97 0
519 51 103 0
520 51 100 0
521 51 99 0
522 51 103 0
523 51 104 0
524 51 103 0
525 51 98 0
526 51 104 0
527 51 215 1
528 51 103 0
529 51 100 0
530 51 201 1
531 51 193 1
532 51 104 0
533 51 102 0
534 51 98 0
535 51 203 1
536 51 196 1
537 51 104 0
538 51 100 0
539 51 105 0
540 52 106 0
541 52 106 0
542 52 100 0
543 52 105 0
544 52 103 0
545 52 101 0
546 52 211 1
547 52 99 0
548 52 103 0
549 52 214 1
550 52 98 0
551 52 98 0
552 52 100 0
553 52 105 0
554 52 105 0
555 52 197 1
556 52 103 0
557 52 100 0
558 52 100 0
559 52 106 0
560 52 105 0
561 52 106 0
562 52 103 0
563 52 102 0
564 52 101 0
565 52 98 0
566 52 106 0
567 52 102 0
568 52 208 1
569 52 190 1
570 52 97 0
571 52 98 0
572 52 97 0
573 52 206 1
574 52 207 1
575 52 98 0
576 52 103 0
577 52 101 0
578 52 99 0
579 52 97 0
580 52 100 0
581 52 102 0
582 52 106 0
583 52 104 0
584 52 210 1
585 52 105 0
586 52 106 0
587 52 103 0
588 52 106 0
589 52 101 0
590 52 100 0
591 52 216 1
592 52 97 0
593 52 567 2
594 52 210 1
595 52 189 1
596 52 561 2
597 52 102 0
598 52 102 0
599 52 102 0
600 52 102 0
601 52 105 0
602 52 103 0
603 52 104 0
604 52 105 0
605 52 98 0
606 52 104 0
607 52 100 0
608 52 196 1
609 52 97 0
610 52 201 1
611 52 98 0
612 52 203 1
613 52 104 0
614 52 102 0
615 52 105 0
616 52 106 0
617 52 99 0
618 52 198 1
619 52 200 1
620 52 102 0
621 52 97 0
622 52 206 1
623 52 206 1
624 52 102 0
625 52 98 0
626 52 103 0
627 52 97 0
628 52 102 0
629 52 100 0
630 52 208 1
631 52 199 1
632 52 103 0
633 52 105 0
634 52 597 2
635 52 194 1
636 52 105 0
637 52 540 2
638 52 101 0
639 52 97 0
640 52 106 0
641 52 97 0
642 52 106 0
643 52 97 0
644 52 544 2
645 53 104 0
646 53 105 0
647 53 203 1
648 53 103 0
649 53 100 0
650 53 104 0
651 53 98 0
652 53 100 0
653 53 98 0
654 53 98 0
655 53 99 0
656 53 107 0
657 53 99 0
658 53 99 0
659 53 103 0
660 53 99 0
661 53 99 0
662 53 101 0
663 53 106 0
664 53 102 0
665 53 103 0
666 53 102 0
667 53 106 0
668 53 101 0
669 53 99 0
670 53 104 0
671 53 103 0
672 53 102 0
673 53 104 0
674 53 102 0
675 53 98 0
676 53 100 0
677 53 100 0
678 53 98 0
679 53 107 0
680 53 101 0
681 53 105 0
682 53 215 1
683 53 100 0
684 53 102 0
685 53 107 0
686 53 208 1
687 53 198 1
688 53 103 0
689 53 99 0
690 53 104 0
691 53 105 0
692 53 508 2
693 53 100 0
694 53 105 0
695 53 101 0
696 53 104 0
697 53 101 0
698 53 98 0
699 53 105 0
700 53 99 0
701 53 106 0
702 53 106 0
703 53 99 0
704 53 106 0
705 53 193 1
706 53 208 1
707 53 106 0
708 53 98 0
709 53 203 1
710 53 99 0
711 53 105 0
712 53 106 0
713 53 100 0
714 53 211 1
715 53 104 0
716 53 510 2
717 53 98 0
718 53 101 0
719 53 563 2
720 53 199 1
721 53 189 1
722 53 103 0
723 53 107 0
724 53 103 0
725 53 103 0
726 53 99 0
727 53 104 0
728 53 107 0
729 53 107 0
730 53 194 1
731 53 101 0
732 53 204 1
733 53 103 0
734 53 98 0
735 53 100 0
736 53 99 0
737 53 106 0
738 53 101 0
739 53 100 0
740 53 98 0
741 53 101 0
742 53 103 0
743 53 547 2
744 53 105 0
745 53 217 1
746 53 107 0
747 53 100 0
748 53 198 1
749 53 102 0
750 53 106 0
751 53 99 0
752 53 104 0
753 53 196 1
754 53 103 0
755 53 192 1
756 53 107 0
757 53 217 1
758 53 104 0
759 53 102 0
760 53 99 0
761 53 105 0
762 53 104 0
763 53 99 0
764 53 102 0
765 53 101 0
766 53 99 0
767 53 198 1
768 53 104 0
769 53 104 0
770 53 99 0
771 53 100 0
772 53 583 2
773 53 100 0
774 53 107 0
775 53 98 0
776 53 105 0
777 53 107 0
778 53 100 0
779 53 104 0
780 53 98 0
781 53 105 0
782 53 195 1
783 53 103 0
784 54 101 0
785 54 213 1
786 54 104 0
787 54 99 0
788 54 105 0
789 54 103 0
790 54 106 0
791 54 592 2
792 54 99 0
793 54 108 0
794 54 104 0
795 54 99 0
796 54 103 0
797 54 191 1
798 54 102 0
799 54 104 0
800 54 105 0
801 54 108 0
802 54 197 1
803 54 103 0
804 54 101 0
805 54 102 0
806 54 102 0
807 54 107 0
808 54 561 2
809 54 551 2
810 54 106 0
811 54 212 1
812 54 99 0
813 54 218 1
814 54 197 1
815 54 106 0
816 54 208 1
817 54 99 0
818 54 104 0
819 54 100 0
820 54 100 0
821 54 101 0
822 54 101 0
823 54 101 0
824 54 99 0
825 54 104 0
826 54 104 0
827 54 189 1
828 54 106 0
829 54 100 0
830 54 100 0
831 54 106 0
832 54 99 0
833 54 104 0
834 54 105 0
835 54 104 0
836 54 103 0
837 54 103 0
838 54 102 0
839 54 101 0
840 54 104 0
841 54 208 1
842 54 595 2
843 54 101 0
844 54 99 0
845 54 101 0
846 54 104 0
847 54 102 0
848 54 192 1
849 54 100 0
850 54 106 0
851 54 100 0
852 54 214 1
853 54 108 0
854 54 108 0
855 54 104 0
856 54 104 0
857 54 103 0
858 54 99 0
859 54 102 0
860 54 105 0
861 54 528 2
862 54 100 0
863 54 100 0
864 54 108 0
865 54 583 2
866 54 100 0
867 54 107 0
868 54 106 0
869 54 108 0
870 54 213 1
871 54 99 0
872 54 100 0
873 54 557 2
874 54 577 2
875 54 101 0
876 54 103 0
877 54 108 0
878 54 189 1
879 54 107 0
880 54 100 0
881 54 101 0
882 54 100 0
883 54 106 0
884 54 103 0
885 54 101 0
886 54 102 0
887 54 100 0
888 54 106 0
889 54 191 1
890 54 211 1
891 54 592 2
892 54 108 0
893 54 103 0
894 54 103 0
895 54 107 0
896 54 108 0
897 54 99 0
898 54 105 0
899 54 107 0
900 54 191 1
901 54 105 0
902 54 100 0
903 54 105 0
904 54 101 0
905 54 103 0
906 54 105 0
907 54 99 0
908 54 101 0
909 54 99 0
910 54 107 0
911 54 106 0
912 54 106 0
913 54 105 0
914 54 105 0
915 54 106 0
916 54 106 0
917 54 207 1
918 54 107 0
919 54 200 1
920 54 99 0
921 54 102 0
922 54 108 0
923 54 102 0
924 54 108 0
925 54 595 2
926 54 99 0
927 54 103 0
928 54 102 0
929 54 189 1
930 54 189 1
931 54 207 1
932 54 104 0
933 54 205 1
934 54 102 0
935 54 107 0
936 54 104 0
937 54 99 0
938 54 104 0
939 54 106 0
940 54 542 2
941 54 102 0
942 54 204 1
943 54 194 1
944 54 99 0
945 54 102 0
946 54 102 0
947 54 103 0
948 54 100 0
949 54 105 0
950 54 551 2
951 54 101 0
952 54 101 0
953 54 102 0
954 54 100 0
955 55 102 0
956 55 106 0
957 55 104 0
958 55 107 0
959 55 205 1
960 55 106 0
961 55 103 0
962 55 193 1
963 55 103 0
964 55 101 0
965 55 101 0
966 55 108 0
967 55 109 0
968 55 108 0
969 55 101 0
970 55 105 0
971 55 593 2
972 55 103 0
973 55 109 0
974 55 105 0
975 55 204 1
976 55 109 0
977 55 103 0
978 55 213 1
979 55 103 0
980 55 105 0
981 55 107 0
982 55 109 0
983 55 108 0
984 55 101 0
985 55 101 0
986 55 104 0
987 55 109 0
988 55 103 0
989 55 106 0
990 55 103 0
991 55 108 0
992 55 106 0
993 55 204 1
994 55 106 0
995 55 104 0
996 55 104 0
997 55 108 0
998 55 106 0
999 55 103 0
1000 55 531 2
1001 55 104 0
1002 55 105 0
1003 55 108 0
1004 55 105 0
1005 55 105 0
1006 55 100 0
1007 55 102 0
1008 55 194 1
1009 55 102 0
1010 55 109 0
1011 55 108 0
1012 55 108 0
1013 55 101 0
1014 55 107 0
1015 55 100 0
1016 55 105 0
1017 55 104 0
1018 55 109 0
1019 55 108 0
1020 55 210 1
1021 55 104 0
1022 55 107 0
1023 55 203 1
1024 55 105 0
1025 55 198 1
1026 55 107 0
1027 55 213 1
1028 55 202 1
1029 55 103 0
1030 55 104 0
1031 55 108 0
1032 55 108 0
1033 55 105 0
1034 55 591 2
1035 55 195 1
1036 55 100 0
1037 55 103 0
1038 55 217 1
1039 55 105 0
1040 55 211 1
1041 55 108 0
1042 55 104 0
1043 55 210 1
1044 55 106 0
1045 55 108 0
1046 55 106 0
1047 55 570 2
1048 55 104 0
1049 55 104 0
1050 55 109 0
1051 55 209 1
1052 55 102 0
1053 55 101 0
1054 55 108 0
1055 55 205 1
1056 55 103 0
1057 55 100 0
1058 55 101 0
1059 55 101 0
1060 55 192 1
1061 55 102 0
1062 55 197 1
1063 55 109 0
1064 55 102 0
1065 55 105 0
1066 55 109 0
1067 55 102 0
1068 55 101 0
1069 55 557 2
1070 55 106 0
1071 55 107 0
1072 55 101 0
1073 55 107 0
1074 55 109 0
1075 55 102 0
1076 55 545 2
1077 55 104 0
1078 55 564 2
1079 55 103 0
1080 55 109 0
1081 55 103 0
1082 55 505 2
1083 55 106 0
1084 55 101 0
1085 55 105 0
1086 55 211 1
1087 55 106 0
1088 55 104 0
1089 55 106 0
1090 55 105 0
1091 55 104 0
1092 55 104 0
1093 55 103 0
1094 55 108 0
1095 55 108 0
1096 55 101 0
1097 55 206 1
1098 55 203 1
1099 55 108 0
1100 55 107 0
1101 55 190 1
1102 55 108 0
1103 55 192 1
1104 55 106 0
1105 55 105 0
1106 55 108 0
1107 55 103 0
1108 55 106 0
1109 55 200 1
1110 55 104 0
1111 55 194 1
1112 55 100 0
1113 55 108 0
1114 55 100 0
1115 55 101 0
1116 55 108 0
1117 55 102 0
1118 55 107 0
1119 55 102 0
1120 55 107 0
1121 55 215 1
1122 55 109 0
1123 55 104 0
1124 55 107 0
1125 55 103 0
1126 55 108 0
1127 55 106 0
1128 55 100 0
1129 55 104 0
1130 55 103 0
1131 55 100 0
1132 55 108 0
1133 56 209 1
1134 56 106 0
1135 56 106 0
1136 56 110 0
1137 56 108 0
1138 56 107 0
1139 56 110 0
1140 56 109 0
1141 56 108 0
1142 56 104 0
1143 56 105 0
1144 56 193 1
1145 56 102 0
1146 56 102 0
1147 56 102 0
1148 56 102 0
1149 56 109 0
1150 56 107 0
1151 56 530 2
1152 56 104 0
1153 56 102 0
1154 56 104 0
1155 56 215 1
1156 56 108 0
1157 56 104 0
1158 56 107 0
1159 56 212 1
1160 56 105 0
1161 56 511 2
1162 56 106 0
1163 56 109 0
1164 56 101 0
1165 56 107 0
1166 56 106 0
1167 56 101 0
1168 56 106 0
1169 56 105 0
1170 56 546 2
1171 56 103 0
1172 56 108 0
1173 56 110 0
1174 56 106 0
1175 56 103 0
1176 56 101 0
1177 56 104 0
1178 56 104 0
1179 56 101 0
1180 56 108 0
1181 56 101 0
1182 56 537 2
1183 56 103 0
1184 56 208 1
1185 56 101 0
1186 56 196 1
1187 56 104 0
1188 56 103 0
1189 56 191 1
1190 56 109 0
1191 56 205 1
1192 56 101 0
1193 56 109 0
1194 56 217 1
1195 56 105 0
1196 56 108 0
1197 56 211 1
1198 56 110 0
1199 56 219 1
1200 56 105 0
1201 56 108 0
1202 56 104 0
1203 56 109 0
1204 56 110 0
1205 56 104 0
1206 56 104 0
1207 56 101 0
1208 56 109 0
1209 56 106 0
1210 56 105 0
1211 56 108 0
1212 56 107 0
1213 56 105 0
1214 56 109 0
1215 56 110 0
1216 56 102 0
1217 56 104 0
1218 56 103 0
1219 56 106 0
1220 56 107 0
1221 56 110 0
1222 56 105 0
1223 56 196 1
1224 56 108 0
1225 56 108 0
1226 56 108 0
1227 56 209 1
1228 56 108 0
1229 56 101 0
1230 56 102 0
1231 56 107 0
1232 56 103 0
1233 56 537 2
1234 56 105 0
1235 56 102 0
1236 56 103 0
1237 56 105 0
1238 56 108 0
1239 56 108 0
1240 56 195 1
1241 56 106 0
1242 56 107 0
1243 56 102 0
1244 56 197 1
1245 56 101 0
1246 56 107 0
1247 56 108 0
1248 56 101 0
1249 56 109 0
1250 56 109 0
1251 56 110 0
1252 56 107 0
1253 56 194 1
1254 56 105 0
1255 56 105 0
1256 56 105 0
1257 56 110 0
1258 56 103 0
1259 56 106 0
1260 56 101 0
1261 56 193 1
1262 56 103 0
1263 56 109 0
1264 56 104 0
1265 56 103 0
1266 56 105 0
1267 56 108 0
1268 56 107 0
1269 56 104 0
1270 56 101 0
1271 56 101 0
1272 56 102 0
1273 56 103 0
1274 56 108 0
1275 56 101 0
1276 56 544 2
1277 56 210 1
1278 56 103 0
1279 56 104 0
1280 56 102 0
1281 56 107 0
1282 56 101 0
1283 56 108 0
1284 56 581 2
1285 56 109 0
1286 56 105 0
1287 56 107 0
1288 56 102 0
1289 56 108 0
1290 56 108 0
1291 56 105 0
1292 56 104 0
1293 56 107 0
1294 56 107 0
1295 56 210 1
1296 56 107 0
1297 56 107 0
1298 57 192 1
1299 57 198 1
1300 57 109 0
1301 57 204 1
1302 57 109 0
1303 57 108 0
1304 57 109 0
1305 57 109 0
1306 57 208 1
1307 57 107 0
1308 57 107 0
1309 57 106 0
1310 57 105 0
1311 57 107 0
1312 57 110 0
1313 57 109 0
1314 57 106 0
1315 57 105 0
1316 57 106 0
1317 57 111 0
1318 57 197 1
1319 57 107 0
1320 57 107 0
1321 57 111 0
1322 57 109 0
1323 57 111 0
1324 57 105 0
1325 57 210 1
1326 57 111 0
1327 57 107 0
1328 57 104 0
1329 57 108 0
1330 57 111 0
1331 57 105 0
1332 57 106 0
1333 57 107 0
1334 57 102 0
1335 57 518 2
1336 57 110 0
1337 57 102 0
1338 57 107 0
1339 57 108 0
1340 57 111 0
1341 57 102 0
1342 57 102 0
1343 57 104 0
1344 57 106 0
1345 57 105 0
1346 57 103 0
1347 57 208 1
1348 57 103 0
1349 57 218 1
1350 57 111 0
1351 57 105 0
1352 57 108 0
1353 57 111 0
1354 57 106 0
1355 57 107 0
1356 57 105 0
1357 57 105 0
1358 57 105 0
1359 57 111 0
1360 57 111 0
1361 57 196 1
1362 57 103 0
1363 57 104 0
1364 57 106 0
1365 57 107 0
1366 57 109 0
1367 57 194 1
1368 57 111 0
1369 57 105 0
1370 57 110 0
1371 57 109 0
1372 57 107 0
1373 57 210 1
1374 57 111 0
1375 57 104 0
1376 57 105 0
1377 57 111 0
1378 57 104 0
1379 57 208 1
1380 57 105 0
1381 57 108 0
1382 57 104 0
1383 57 548 2
1384 57 109 0
1385 57 104 0
1386 57 106 0
1387 57 109 0
1388 57 110 0
1389 57 102 0
1390 57 104 0
1391 57 104 0
1392 57 111 0
1393 57 110 0
1394 57 109 0
1395 57 105 0
1396 57 104 0
1397 57 102 0
1398 57 106 0
1399 57 600 2
1400 57 107 0
1401 57 109 0
1402 57 104 0
1403 57 102 0
1404 57 110 0
1405 57 109 0
1406 57 105 0
1407 57 102 0
1408 57 579 2
1409 57 110 0
1410 57 197 1
1411 57 102 0
1412 57 111 0
1413 57 205 1
1414 57 107 0
1415 57 103 0
1416 57 108 0
1417 57 110 0
1418 57 105 0
1419 57 111 0
1420 57 106 0
1421 57 106 0
1422 57 103 0
1423 57 214 1
1424 57 105 0
1425 57 110 0
1426 57 103 0
1427 57 104 0
1428 57 102 0
1429 57 578 2
1430 57 104 0
1431 57 560 2
1432 57 107 0
1433 57 105 0
1434 57 103 0
1435 57 107 0
1436 57 108 0
1437 57 105 0
1438 57 203 1
1439 57 105 0
1440 57 213 1
1441 57 221 1
1442 57 216 1
1443 57 111 0
1444 57 108 0
1445 57 111 0
1446 57 111 0
1447 57 105 0
1448 57 107 0
1449 57 195 1
1450 57 108 0
1451 57 109 0
1452 57 202 1
1453 57 195 1
1454 57 104 0
1455 57 107 0
1456 57 109 0
1457 57 111 0
1458 57 102 0
1459 57 214 1
1460 57 214 1
1461 57 598 2
1462 57 107 0
1463 57 107 0
1464 57 105 0
1465 57 110 0
1466 57 102 0
1467 57 110 0
1468 57 109 0
1469 57 108 0
1470 57 104 0
1471 57 104 0
1472 57 203 1
1473 57 109 0
1474 57 111 0
1475 57 196 1
1476 57 108 0
1477 57 111 0
1478 57 109 0
1479 57 207 1
1480 57 105 0
1481 57 102 0
1482 58 103 0
1483 58 108 0
1484 58 218 1
1485 58 105 0
1486 58 103 0
1487 58 107 0
1488 58 110 0
1489 58 108 0
1490 58 106 0
1491 58 112 0
1492 58 209 1
1493 58 107 0
1494 58 111 0
1495 58 218 1
1496 58 112 0
1497 58 111 0
1498 58 532 2
1499 58 106 0
1500 58 112 0
1501 58 107 0
1502 58 213 1
1503 58 103 0
1504 58 108 0
1505 58 108 0
1506 58 194 1
1507 58 107 0
1508 58 105 0
1509 58 110 0
1510 58 111 0
1511 58 211 1
1512 58 209 1
1513 58 556 2
1514 58 112 0
1515 58 107 0
1516 58 109 0
1517 58 112 0
1518 58 214 1
1519 58 220 1
1520 58 110 0
1521 58 106 0
1522 58 103 0
1523 58 107 0
1524 58 108 0
1525 58 112 0
1526 58 105 0
1527 58 107 0
1528 58 109 0
1529 58 107 0
1530 58 106 0
1531 58 198 1
1532 58 107 0
1533 58 105 0
1534 58 103 0
1535 58 536 2
1536 58 107 0
1537 58 105 0
1538 58 107 0
1539 58 110 0
1540 58 105 0
1541 58 105 0
1542 58 107 0
1543 58 109 0
1544 58 107 0
1545 58 103 0
1546 58 105 0
1547 58 109 0
1548 58 103 0
1549 58 105 0
1550 58 103 0
1551 58 112 0
1552 58 107 0
1553 58 104 0
1554 58 109 0
1555 58 112 0
1556 58 104 0
1557 58 106 0
1558 58 112 0
1559 58 210 1
1560 58 110 0
1561 58 112 0
1562 58 112 0
1563 58 110 0
1564 58 106 0
1565 58 112 0
1566 58 212 1
1567 58 111 0
1568 58 588 2
1569 58 106 0
1570 58 217 1
1571 58 105 0
1572 58 108 0
1573 58 106 0
1574 58 103 0
1575 58 108 0
1576 58 110 0
1577 58 109 0
1578 58 110 0
1579 58 107 0
1580 58 110 0
1581 58 103 0
1582 58 106 0
1583 58 104 0
1584 58 107 0
1585 58 107 0
1586 58 105 0
1587 58 107 0
1588 58 103 0
1589 58 108 0
1590 58 109 0
1591 58 103 0
1592 58 109 0
1593 58 105 0
1594 58 526 2
1595 58 108 0
1596 58 103 0
1597 58 103 0
1598 58 112 0
1599 58 110 0
1600 58 209 1
1601 58 109 0
1602 58 208 1
1603 58 107 0
1604 58 110 0
1605 58 111 0
1606 58 112 0
1607 58 110 0
1608 58 213 1
1609 58 103 0
1610 58 105 0
1611 58 106 0
1612 58 220 1
1613 58 107 0
1614 58 106 0
1615 58 109 0
1616 58 194 1
1617 58 107 0
1618 58 201 1
1619 58 107 0
1620 58 105 0
1621 58 103 0
1622 58 107 0
1623 58 206 1
1624 58 206 1
1625 58 201 1
1626 58 212 1
1627 58 107 0
1628 58 103 0
1629 58 108 0
1630 58 105 0
1631 58 220 1
1632 58 105 0
1633 58 109 0
1634 58 106 0
1635 58 209 1
1636 58 109 0
1637 58 112 0
1638 58 104 0
1639 58 112 0
1640 58 104 0
1641 58 106 0
1642 58 110 0
1643 58 222 1
1644 58 106 0
1645 58 112 0
1646 58 106 0
1647 58 207 1
1648 58 601 2
1649 58 104 0
1650 58 106 0
1651 58 106 0
1652 58 195 1
1653 58 107 0
1654 58 195 1
1655 58 216 1
1656 58 103 0
1657 58 104 0
1658 58 111 0
1659 58 104 0
1660 58 108 0
1661 58 109 0
1662 58 108 0
1663 58 204 1
1664 58 205 1
1665 58 107 0
1666 58 103 0
1667 58 103 0
1668 58 200 1
1669 58 107 0
1670 58 103 0
1671 58 200 1
1672 58 201 1
1673 58 111 0
1674 58 195 1
1675 58 106 0
1676 58 211 1
1677 58 104 0
1678 58 106 0
1679 58 110 0
1680 58 111 0
1681 58 106 0
1682 58 103 0
1683 58 111 0
1684 58 105 0
1685 58 112 0
1686 58 103 0
1687 58 521 2
1688 58 103 0
1689 58 106 0
1690 58 111 0
1691 58 202 1
1692 58 109 0
1693 58 195 1
1694 58 541 2
1695 58 105 0
1696 58 210 1
1697 58 112 0
1698 59 513 2
1699 59 105 0
1700 59 109 0
1701 59 111 0
1702 59 108 0
1703 59 105 0
1704 59 110 0
1705 59 105 0
1706 59 111 0
1707 59 108 0
1708 59 108 0
1709 59 113 0
1710 59 111 0
1711 59 110 0
1712 59 104 0
1713 59 215 1
1714 59 205 1
1715 59 106 0
1716 59 110 0
1717 59 111 0
1718 59 195 1
1719 59 106 0
1720 59 112 0
1721 59 109 0
1722 59 111 0
1723 59 113 0
1724 59 105 0
1725 59 108 0
1726 59 113 0
1727 59 113 0
1728 59 108 0
1729 59 104 0
1730 59 194 1
1731 59 111 0
1732 59 112 0
1733 59 109 0
1734 59 104 0
1735 59 111 0
1736 59 218 1
1737 59 108 0
1738 59 113 0
1739 59 111 0
1740 59 111 0
1741 59 108 0
1742 59 215 1
1743 59 107 0
1744 59 111 0
1745 59 111 0
1746 59 105 0
1747 59 112 0
1748 59 110 0
1749 59 104 0
1750 59 105 0
1751 59 106 0
1752 59 109 0
1753 59 111 0
1754 59 111 0
1755 59 106 0
1756 59 113 0
1757 59 109 0
1758 59 108 0
1759 59 110 0
1760 59 552 2
1761 59 106 0
1762 59 107 0
1763 59 111 0
1764 59 113 0
1765 59 108 0
1766 59 110 0
1767 59 105 0
1768 59 111 0
1769 59 113 0
1770 59 111 0
1771 59 109 0
1772 59 104 0
1773 59 104 0
1774 59 108 0
1775 59 210 1
1776 59 112 0
1777 59 112 0
1778 59 105 0
1779 59 113 0
1780 59 215 1
1781 59 111 0
1782 59 113 0
1783 59 111 0
1784 59 110 0
1785 59 110 0
1786 59 111 0
1787 59 200 1
1788 59 112 0
1789 59 113 0
1790 59 110 0
1791 59 221 1
1792 59 104 0
1793 59 106 0
1794 59 110 0
1795 59 108 0
1796 59 113 0
1797 59 105 0
1798 59 108 0
1799 59 113 0
1800 59 104 0
1801 59 104 0
1802 59 112 0
1803 59 109 0
1804 59 105 0
1805 59 200 1
1806 59 110 0
1807 59 212 1
1808 59 109 0
1809 59 107 0
1810 59 110 0
1811 59 107 0
1812 59 109 0
1813 59 112 0
1814 59 107 0
1815 59 112 0
1816 59 108 0
1817 59 111 0
1818 59 194 1
1819 59 223 1
1820 59 112 0
1821 59 106 0
1822 59 106 0
1823 59 212 1
1824 59 106 0
1825 59 532 2
1826 59 107 0
1827 59 106 0
1828 59 108 0
1829 59 106 0
1830 59 112 0
1831 59 111 0
1832 59 107 0
1833 59 106 0
1834 59 104 0
1835 59 542 2
1836 59 108 0
1837 59 203 1
1838 59 108 0
1839 59 109 0
1840 59 105 0
1841 59 106 0
1842 59 106 0
1843 59 104 0
1844 59 580 2
1845 59 106 0
1846 59 212 1
1847 59 107 0
1848 59 112 0
1849 59 105 0
1850 59 107 0
1851 59 112 0
1852 59 113 0
1853 59 110 0
1854 59 107 0
1855 59 104 0
1856 59 104 0
1857 59 109 0
1858 59 106 0
1859 59 109 0
1860 59 109 0
1861 59 211 1
1862 59 112 0
1863 59 111 0
1864 59 109 0
1865 59 104 0
1866 59 209 1
1867 59 113 0
1868 59 106 0
1869 59 107 0
1870 59 105 0
1871 59 105 0
1872 59 104 0
1873 59 105 0
1874 59 110 0
1875 59 112 0
1876 59 107 0
1877 59 105 0
1878 59 541 2
1879 59 108 0
1880 59 113 0
1881 59 201 1
1882 59 107 0
1883 59 113 0
1884 59 109 0
1885 59 113 0
1886 59 106 0
1887 59 217 1
1888 59 110 0
1889 59 548 2
1890 59 105 0
1891 59 111 0
1892 59 109 0
1893 59 107 0
1894 59 110 0
1895 59 106 0
1896 59 221 1
1897 59 106 0
1898 59 202 1
1899 59 113 0
1900 59 110 0
1901 59 113 0
1902 59 107 0
1903 59 108 0
1904 59 105 0
1905 59 108 0
1906 59 107 0
1907 59 111 0
1908 59 538 2
1909 59 104 0
1910 59 106 0
1911 59 107 0
1912 59 208 1
1913 59 104 0
1914 59 104 0
1915 59 107 0
1916 59 109 0
1917 59 105 0
1918 60 109 0
1919 60 105 0
1920 60 107 0
1921 60 112 0
1922 60 113 0
1923 60 208 1
1924 60 106 0
1925 60 195 1
1926 60 106 0
1927 60 108 0
1928 60 223 1
1929 60 114 0
1930 60 107 0
1931 60 108 0
1932 60 110 0
1933 60 112 0
1934 60 521 2
1935 60 112 0
1936 60 111 0
1937 60 112 0
1938 60 111 0
1939 60 113 0
1940 60 110 0
1941 60 105 0
1942 60 112 0
1943 60 112 0
1944 60 510 2
1945 60 110 0
1946 60 114 0
1947 60 113 0
1948 60 114 0
1949 60 112 0
1950 60 111 0
1951 60 109 0
1952 60 106 0
1953 60 195 1
1954 60 107 0
1955 60 108 0
1956 60 110 0
1957 60 106 0
1958 60 111 0
1959 60 110 0
1960 60 106 0
1961 60 114 0
1962 60 114 0
1963 60 106 0
1964 60 108 0
1965 60 107 0
1966 60 218 1
1967 60 114 0
1968 60 213 1
1969 60 524 2
1970 60 206 1
1971 60 113 0
1972 60 106 0
1973 60 114 0
1974 60 106 0
1975 60 110 0
1976 60 109 0
1977 60 113 0
1978 60 513 2
1979 60 114 0
1980 60 106 0
1981 60 112 0
1982 60 112 0
1983 60 107 0
1984 60 111 0
1985 60 542 2
1986 60 106 0
1987 60 108 0
1988 60 111 0
1989 60 200 1
1990 60 110 0
1991 60 216 1
1992 60 109 0
1993 60 202 1
1994 60 209 1
1995 60 109 0
1996 60 218 1
1997 60 112 0
1998 60 112 0
1999 60 106 0
2000 60 109 0
2001 60 110 0
2002 60 106 0
2003 60 197 1
2004 60 217 1
2005 60 106 0
2006 60 113 0
2007 60 114 0
2008 60 114 0
2009 60 114 0
2010 60 197 1
2011 60 562 2
2012 60 105 0
2013 60 208 1
2014 60 113 0
2015 60 114 0
2016 60 111 0
2017 60 108 0
2018 60 114 0
2019 60 114 0
2020 60 110 0
2021 60 513 2
2022 60 105 0
2023 60 113 0
2024 60 110 0
2025 60 105 0
2026 60 114 0
2027 60 110 0
2028 60 111 0
2029 60 105 0
2030 60 112 0
2031 60 114 0
2032 60 218 1
2033 60 205 1
2034 60 525 2
2035 60 110 0
2036 60 110 0
2037 60 106 0
2038 60 107 0
2039 60 605 2
2040 60 111 0
2041 60 561 2
2042 60 111 0
2043 60 106 0
2044 60 108 0
2045 60 111 0
2046 60 111 0
2047 60 106 0
2048 60 208 1
2049 60 108 0
2050 60 223 1
2051 60 112 0
2052 60 113 0
2053 60 107 0
2054 60 114 0
2055 60 221 1
2056 60 206 1
2057 60 113 0
2058 60 113 0
2059 60 110 0
2060 60 110 0
2061 60 113 0
2062 60 108 0
2063 60 552 2
2064 60 110 0
2065 60 113 0
2066 60 197 1
2067 60 105 0
2068 60 110 0
2069 60 111 0
2070 60 108 0
2071 60 112 0
2072 60 106 0
2073 60 559 2
2074 60 108 0
2075 60 576 2
2076 60 108 0
2077 60 558 2
2078 60 106 0
2079 60 223 1
2080 60 109 0
2081 60 206 1
2082 60 114 0
2083 60 114 0
2084 60 114 0
2085 60 215 1
2086 60 110 0
2087 60 113 0
2088 60 567 2
2089 60 114 0
2090 60 112 0
2091 60 106 0
2092 60 107 0
2093 60 107 0
2094 60 107 0
2095 60 110 0
2096 60 114 0
2097 60 108 0
2098 60 113 0
2099 60 109 0
2100 60 109 0
2101 60 200 1
2102 60 108 0
2103 60 107 0
2104 60 106 0
2105 60 108 0
2106 60 109 0
2107 60 105 0
2108 60 105 0
2109 60 113 0
2110 60 195 1
2111 60 105 0
2112 60 112 0
2113 60 111 0
2114 60 113 0
2115 60 112 0
2116 60 113 0
2117 60 106 0
2118 60 113 0
2119 61 109 0
2120 61 110 0
2121 61 115 0
2122 61 111 0
2123 61 115 0
2124 61 106 0
2125 61 109 0
2126 61 113 0
2127 61 537 2
2128 61 111 0
2129 61 109 0
2130 61 211 1
2131 61 106 0
2132 61 115 0
2133 61 108 0
2134 61 112 0
2135 61 115 0
2136 61 106 0
2137 61 113 0
2138 61 216 1
2139 61 112 0
2140 61 110 0
2141 61 112 0
2142 61 114 0
2143 61 112 0
2144 61 109 0
2145 61 106 0
2146 61 207 1
2147 61 223 1
2148 61 108 0
2149 61 113 0
2150 61 107 0
2151 61 113 0
2152 61 107 0
2153 61 114 0
2154 61 608 2
2155 61 113 0
2156 61 199 1
2157 61 212 1
2158 61 106 0
2159 61 115 0
2160 61 218 1
2161 61 211 1
2162 61 112 0
2163 61 109 0
2164 61 107 0
2165 61 113 0
2166 61 107 0
2167 61 106 0
2168 61 114 0
2169 61 109 0
2170 61 110 0
2171 61 113 0
2172 61 112 0
2173 61 107 0
2174 61 114 0
2175 61 524 2
2176 61 108 0
2177 61 114 0
2178 61 108 0
2179 61 600 2
2180 61 112 0
2181 61 111 0
2182 61 112 0
2183 61 216 1
2184 61 112 0
2185 61 112 0
2186 61 115 0
2187 61 109 0
2188 61 115 0
2189 61 212 1
2190 61 114 0
2191 61 112 0
2192 61 106 0
2193 61 115 0
2194 61 108 0
2195 61 106 0
2196 61 113 0
2197 61 108 0
2198 61 111 0
2199 61 111 0
2200 61 111 0
2201 61 109 0
2202 61 113 0
2203 61 114 0
2204 61 109 0
2205 61 106 0
2206 61 114 0
2207 61 115 0
2208 61 113 0
2209 61 106 0
2210 61 209 1
2211 61 108 0
2212 61 115 0
2213 61 538 2
2214 61 110 0
2215 61 108 0
2216 61 514 2
2217 61 224 1
2218 61 115 0
2219 61 201 1
2220 61 209 1
2221 61 111 0
2222 61 110 0
2223 61 111 0
2224 61 113 0
2225 61 108 0
2226 61 201 1
2227 61 113 0
2228 61 539 2
2229 61 544 2
2230 61 108 0
2231 61 113 0
2232 61 111 0
2233 61 114 0
2234 61 115 0
2235 61 559 2
2236 61 114 0
2237 61 111 0
2238 61 111 0
2239 61 109 0
2240 61 213 1
2241 61 211 1
2242 61 107 0
2243 61 114 0
2244 61 115 0
2245 61 107 0
2246 61 609 2
2247 61 198 1
2248 61 108 0
2249 61 208 1
2250 61 106 0
2251 61 106 0
2252 61 206 1
2253 61 108 0
2254 61 528 2
2255 61 115 0
2256 61 106 0
2257 61 113 0
2258 61 108 0
2259 61 106 0
2260 61 217 1
2261 61 201 1
2262 61 201 1
2263 61 113 0
2264 61 209 1
2265 61 111 0
2266 61 539 2
2267 61 212 1
2268 61 112 0
2269 61 108 0
2270 61 112 0
2271 61 114 0
2272 61 110 0
2273 61 106 0
2274 61 533 2
2275 61 108 0
2276 61 210 1
2277 61 107 0
2278 61 110 0
2279 61 112 0
2280 61 112 0
2281 61 108 0
2282 61 106 0
2283 61 580 2
2284 61 199 1
2285 61 109 0
2286 61 115 0
2287 61 223 1
2288 61 107 0
2289 61 112 0
2290 61 111 0
2291 61 109 0
2292 61 109 0
2293 61 113 0
2294 61 108 0
2295 61 111 0
2296 61 114 0
2297 61 115 0
2298 61 113 0
2299 61 115 0
2300 61 115 0
2301 61 113 0
2302 61 112 0
2303 61 205 1
2304 61 535 2
2305 61 216 1
2306 61 109 0
2307 61 115 0
2308 61 106 0
2309 61 111 0
2310 61 112 0
2311 61 110 0
2312 61 107 0
2313 61 109 0
2314 61 112 0
2315 61 111 0
2316 61 108 0
2317 61 114 0
2318 61 210 1
2319 61 111 0
2320 61 107 0
2321 61 112 0
2322 61 115 0
2323 61 111 0
2324 61 109 0
2325 61 115 0
2326 61 109 0
2327 61 205 1
2328 61 114 0
2329 61 111 0
2330 61 213 1
2331 61 110 0
2332 61 107 0
2333 61 108 0
2334 61 108 0
2335 61 197 1
2336 61 108 0
2337 61 108 0
2338 61 109 0
2339 61 114 0
2340 61 106 0
2341 61 225 1
2342 61 108 0
2343 62 112 0
2344 62 110 0
2345 62 111 0
2346 62 115 0
2347 62 112 0
2348 62 116 0
2349 62 111 0
2350 62 556 2
2351 62 113 0
2352 62 113 0
2353 62 111 0
2354 62 200 1
2355 62 112 0
2356 62 222 1
2357 62 112 0
2358 62 213 1
2359 62 109 0
2360 62 109 0
2361 62 112 0
2362 62 567 2
2363 62 110 0
2364 62 115 0
2365 62 114 0
2366 62 115 0
2367 62 107 0
2368 62 109 0
2369 62 114 0
2370 62 108 0
2371 62 522 2
2372 62 115 0
2373 62 113 0
2374 62 114 0
2375 62 109 0
2376 62 112 0
2377 62 109 0
2378 62 107 0
2379 62 108 0
2380 62 200 1
2381 62 216 1
2382 62 110 0
2383 62 110 0
2384 62 111 0
2385 62 216 1
2386 62 113 0
2387 62 115 0
2388 62 518 2
2389 62 115 0
2390 62 108 0
2391 62 114 0
2392 62 108 0
2393 62 212 1
2394 62 111 0
2395 62 116 0
2396 62 109 0
2397 62 110 0
2398 62 110 0
2399 62 211 1
2400 62 108 0
2401 62 114 0
2402 62 112 0
2403 62 116 0
2404 62 114 0
2405 62 107 0
2406 62 225 1
2407 62 114 0
2408 62 111 0
2409 62 113 0
2410 62 107 0
2411 62 109 0
2412 62 116 0
2413 62 114 0
2414 62 112 0
2415 62 115 0
2416 62 115 0
2417 62 116 0
2418 62 113 0
2419 62 523 2
2420 62 528 2
2421 62 207 1
2422 62 116 0
2423 62 112 0
2424 62 111 0
2425 62 108 0
2426 62 111 0
2427 62 109 0
2428 62 111 0
2429 62 114 0
2430 62 111 0
2431 62 116 0
2432 62 109 0
2433 62 225 1
2434 62 209 1
2435 62 210 1
2436 62 111 0
2437 62 111 0
2438 62 219 1
2439 62 206 1
2440 62 114 0
2441 62 107 0
2442 62 111 0
2443 62 209 1
2444 62 113 0
2445 62 109 0
2446 62 115 0
2447 62 112 0
2448 62 108 0
2449 62 111 0
2450 62 201 1
2451 62 110 0
2452 62 114 0
2453 62 112 0
2454 62 116 0
2455 62 112 0
2456 62 114 0
2457 62 111 0
2458 62 107 0
2459 62 115 0
2460 62 114 0
2461 62 112 0
2462 62 108 0
2463 62 216 1
2464 62 107 0
2465 62 215 1
2466 62 109 0
2467 62 109 0
2468 62 116 0
2469 62 108 0
2470 62 111 0
2471 62 114 0
2472 62 220 1
2473 62 586 2
2474 62 107 0
2475 62 111 0
2476 62 109 0
2477 62 108 0
2478 62 108 0
2479 62 110 0
2480 62 114 0
2481 62 113 0
2482 62 111 0
2483 62 113 0
2484 62 115 0
2485 62 225 1
2486 62 107 0
2487 62 112 0
2488 62 199 1
2489 62 114 0
2490 62 114 0
2491 62 112 0
2492 62 217 1
2493 62 116 0
2494 62 113 0
2495 62 110 0
2496 62 201 1
2497 62 114 0
2498 62 566 2
2499 62 217 1
2500 62 112 0
2501 62 110 0
2502 62 110 0
2503 62 111 0
2504 62 199 1
2505 62 110 0
2506 62 222 1
2507 62 199 1
2508 62 108 0
2509 62 111 0
2510 62 110 0
2511 62 212 1
2512 62 198 1
2513 62 109 0
2514 62 205 1
2515 62 107 0
2516 62 209 1
2517 62 115 0
2518 62 197 1
2519 62 108 0
2520 62 114 0
2521 62 113 0
2522 62 109 0
2523 62 108 0
2524 62 114 0
2525 62 116 0
2526 62 115 0
2527 62 116 0
2528 62 113 0
2529 62 109 0
2530 62 115 0
2531 62 107 0
2532 62 218 1
2533 62 109 0
2534 62 115 0
2535 62 113 0
2536 62 112 0
2537 62 114 0
2538 62 111 0
2539 63 114 0
2540 63 114 0
2541 63 110 0
2542 63 223 1
2543 63 111 0
2544 63 113 0
2545 63 117 0
2546 63 109 0
2547 63 114 0
2548 63 110 0
2549 63 109 0
2550 63 108 0
2551 63 117 0
2552 63 200 1
2553 63 112 0
2554 63 110 0
2555 63 110 0
2556 63 227 1
2557 63 110 0
2558 63 112 0
2559 63 115 0
2560 63 109 0
2561 63 515 2
2562 63 114 0
2563 63 115 0
2564 63 110 0
2565 63 114 0
2566 63 111 0
2567 63 117 0
2568 63 108 0
2569 63 115 0
2570 63 226 1
2571 63 117 0
2572 63 108 0
2573 63 113 0
2574 63 111 0
2575 63 109 0
2576 63 109 0
2577 63 207 1
2578 63 198 1
2579 63 117 0
2580 63 200 1
2581 63 117 0
2582 63 115 0
2583 63 210 1
2584 63 109 0
2585 63 117 0
2586 63 110 0
2587 63 108 0
2588 63 112 0
2589 63 109 0
2590 63 115 0
2591 63 115 0
2592 63 115 0
2593 63 111 0
2594 63 111 0
2595 63 109 0
2596 63 110 0
2597 63 111 0
2598 63 218 1
2599 63 108 0
2600 63 117 0
2601 63 545 2
2602 63 112 0
2603 63 585 2
2604 63 110 0
2605 63 114 0
2606 63 117 0
2607 63 111 0
2608 63 117 0
2609 63 114 0
2610 63 108 0
2611 63 204 1
2612 63 205 1
2613 63 208 1
2614 63 109 0
2615 63 111 0
2616 63 110 0
2617 63 110 0
2618 63 208 1
2619 63 114 0
2620 63 200 1
2621 63 571 2
2622 63 112 0
2623 63 111 0
2624 63 204 1
2625 63 536 2
2626 63 209 1
2627 63 110 0
2628 63 116 0
2629 63 108 0
2630 63 111 0
2631 63 111 0
2632 63 108 0
2633 63 111 0
2634 63 113 0
2635 63 199 1
2636 63 593 2
2637 63 112 0
2638 63 110 0
2639 63 113 0
2640 63 117 0
2641 63 580 2
2642 63 218 1
2643 63 117 0
2644 63 220 1
2645 63 111 0
2646 63 115 0
2647 63 117 0
2648 63 565 2
2649 63 210 1
2650 63 113 0
2651 63 215 1
2652 63 109 0
2653 63 198 1
2654 63 109 0
2655 63 110 0
2656 63 110 0
2657 63 115 0
2658 63 113 0
2659 63 109 0
2660 63 111 0
2661 63 108 0
2662 63 538 2
2663 63 112 0
2664 63 109 0
2665 63 109 0
2666 63 112 0
2667 63 109 0
2668 63 111 0
2669 63 113 0
2670 63 110 0
2671 63 109 0
2672 63 116 0
2673 63 115 0
2674 63 115 0
2675 63 112 0
2676 63 215 1
2677 63 109 0
2678 63 112 0
2679 63 111 0
2680 63 198 1
2681 63 116 0
2682 63 221 1
2683 63 116 0
2684 63 109 0
2685 63 611 2
2686 63 115 0
2687 63 590 2
2688 63 110 0
2689 63 217 1
2690 63 116 0
2691 63 108 0
2692 63 202 1
2693 63 111 0
2694 63 108 0
2695 63 112 0
2696 63 113 0
2697 63 199 1
2698 63 110 0
2699 63 576 2
2700 63 112 0
2701 63 109 0
2702 63 108 0
2703 63 116 0
2704 63 226 1
2705 63 221 1
2706 63 202 1
2707 63 111 0
2708 63 112 0
2709 63 116 0
2710 63 109 0
2711 63 116 0
2712 63 115 0
2713 63 114 0
2714 63 114 0
2715 63 112 0
2716 63 117 0
2717 63 117 0
2718 63 108 0
2719 63 109 0
2720 63 225 1
2721 63 110 0
2722 63 210 1
2723 63 108 0
2724 63 226 1
2725 63 111 0
2726 63 112 0
2727 63 109 0
2728 63 114 0
2729 63 114 0
2730 63 116 0
2731 63 116 0
2732 63 116 0
2733 63 115 0
2734 63 110 0
2735 63 227 1
2736 63 114 0
2737 63 110 0
2738 63 112 0
2739 63 108 0
2740 63 117 0
2741 63 109 0
2742 63 111 0
2743 63 110 0
2744 63 115 0
2745 63 109 0
2746 63 115 0
2747 63 112 0
2748 63 115 0
2749 63 109 0
2750 63 109 0
2751 63 114 0
2752 64 545 2
2753 64 110 0
2754 64 110 0
2755 64 117 0
2756 64 114 0
2757 64 117 0
2758 64 116 0
2759 64 117 0
2760 64 111 0
2761 64 118 0
2762 64 112 0
2763 64 205 1
2764 64 111 0
2765 64 109 0
2766 64 117 0
2767 64 201 1
2768 64 110 0
2769 64 114 0
2770 64 116 0
2771 64 114 0
2772 64 111 0
2773 64 117 0
2774 64 204 1
2775 64 113 0
2776 64 113 0
2777 64 113 0
2778 64 114 0
2779 64 115 0
2780 64 113 0
2781 64 111 0
2782 64 224 1
2783 64 109 0
2784 64 113 0
2785 64 109 0
2786 64 113 0
2787 64 116 0
2788 64 118 0
2789 64 113 0
2790 64 112 0
2791 64 112 0
2792 64 115 0
2793 64 118 0
2794 64 118 0
2795 64 116 0
2796 64 117 0
2797 64 111 0
2798 64 116 0
2799 64 109 0
2800 64 114 0
2801 64 117 0
2802 64 117 0
2803 64 117 0
2804 64 113 0
2805 64 111 0
2806 64 220 1
2807 64 114 0
2808 64 115 0
2809 64 218 1
2810 64 116 0
2811 64 111 0
2812 64 199 1
2813 64 218 1
2814 64 111 0
2815 64 116 0
2816 64 110 0
2817 64 109 0
2818 64 112 0
2819 64 118 0
2820 64 114 0
2821 64 115 0
2822 64 594 2
2823 64 222 1
2824 64 227 1
2825 64 210 1
2826 64 117 0
2827 64 117 0
2828 64 118 0
2829 64 114 0
2830 64 114 0
2831 64 117 0
2832 64 115 0
2833 64 110 0
2834 64 111 0
2835 64 116 0
2836 64 227 1
2837 64 116 0
2838 64 114 0
2839 64 114 0
2840 64 111 0
2841 64 110 0
2842 64 111 0
2843 64 200 1
2844 64 112 0
2845 64 204 1
2846 64 111 0
2847 64 224 1
2848 64 118 0
2849 64 117 0
2850 64 603 2
2851 64 116 0
2852 64 581 2
2853 64 117 0
2854 64 112 0
2855 64 111 0
2856 64 116 0
2857 64 113 0
2858 64 112 0
2859 64 113 0
2860 64 109 0
2861 64 111 0
2862 64 109 0
2863 64 213 1
2864 64 205 1
2865 64 113 0
2866 64 111 0
2867 64 109 0
2868 64 116 0
2869 64 222 1
2870 64 117 0
2871 64 113 0
2872 64 115 0
2873 64 111 0
2874 64 117 0
2875 64 118 0
2876 64 118 0
2877 64 109 0
2878 64 115 0
2879 64 109 0
2880 64 111 0
2881 64 112 0
2882 64 110 0
2883 64 110 0
2884 64 200 1
2885 64 111 0
2886 64 111 0
2887 64 111 0
2888 64 118 0
2889 64 114 0
2890 64 114 0
2891 64 109 0
2892 64 117 0
2893 64 212 1
2894 64 113 0
2895 64 114 0
2896 64 116 0
2897 64 111 0
2898 64 109 0
2899 64 112 0
2900 64 111 0
2901 64 562 2
2902 64 228 1
2903 64 113 0
2904 64 117 0
2905 64 116 0
2906 64 209 1
2907 64 110 0
2908 64 113 0
2909 64 112 0
2910 64 109 0
2911 64 115 0
2912 64 115 0
2913 64 113 0
2914 64 225 1
2915 64 118 0
2916 64 601 2
2917 64 118 0
2918 64 112 0
2919 64 202 1
2920 64 224 1
2921 64 530 2
2922 64 591 2
2923 64 112 0
2924 64 115 0
2925 64 117 0
2926 64 593 2
2927 64 117 0
2928 65 113 0
2929 65 117 0
2930 65 227 1
2931 65 116 0
2932 65 604 2
2933 65 117 0
2934 65 118 0
2935 65 118 0
2936 65 111 0
2937 65 213 1
2938 65 117 0
2939 65 117 0
2940 65 116 0
2941 65 117 0
2942 65 111 0
2943 65 209 1
2944 65 119 0
2945 65 604 2
2946 65 114 0
2947 65 597 2
2948 65 207 1
2949 65 115 0
2950 65 110 0
2951 65 211 1
2952 65 111 0
2953 65 119 0
2954 65 564 2
2955 65 560 2
2956 65 115 0
2957 65 111 0
2958 65 119 0
2959 65 115 0
2960 65 111 0
2961 65 110 0
2962 65 117 0
2963 65 116 0
2964 65 111 0
2965 65 116 0
2966 65 112 0
2967 65 113 0
2968 65 118 0
2969 65 111 0
2970 65 229 1
2971 65 116 0
2972 65 116 0
2973 65 111 0
2974 65 116 0
2975 65 222 1
2976 65 115 0
2977 65 538 2
2978 65 116 0
2979 65 229 1
2980 65 112 0
2981 65 119 0
2982 65 574 2
2983 65 114 0
2984 65 115 0
2985 65 115 0
2986 65 116 0
2987 65 110 0
2988 65 115 0
2989 65 117 0
2990 65 116 0
2991 65 116 0
2992 65 115 0
2993 65 115 0
2994 65 553 2
2995 65 113 0
2996 65 117 0
2997 65 113 0
2998 65 114 0
2999 65 114 0
3000 65 114 0
3001 65 113 0
3002 65 110 0
3003 65 116 0
3004 65 114 0
3005 65 110 0
3006 65 112 0
3007 65 604 2
3008 65 119 0
3009 65 113 0
3010 65 119 0
3011 65 112 0
3012 65 119 0
3013 65 112 0
3014 65 115 0
3015 65 212 1
3016 65 116 0
3017 65 112 0
3018 65 110 0
3019 65 207 1
3020 65 115 0
3021 65 114 0
3022 65 114 0
3023 65 110 0
3024 65 116 0
3025 65 119 0
3026 65 117 0
3027 65 114 0
3028 65 118 0
3029 65 117 0
3030 65 118 0
3031 65 534 2
3032 65 112 0
3033 65 114 0
3034 65 117 0
3035 65 567 2
3036 65 118 0
3037 65 609 2
3038 65 110 0
3039 65 112 0
3040 65 220 1
3041 65 114 0
3042 65 113 0
3043 65 118 0
3044 65 113 0
3045 65 111 0
3046 65 111 0
3047 65 223 1
3048 65 111 0
3049 65 207 1
3050 65 115 0
3051 65 115 0
3052 65 113 0
3053 65 112 0
3054 65 222 1
3055 65 114 0
3056 65 112 0
3057 65 116 0
3058 65 118 0
3059 65 118 0
3060 65 118 0
3061 65 114 0
3062 65 119 0
3063 65 115 0
3064 65 118 0
3065 65 112 0
3066 65 110 0
3067 65 211 1
3068 65 110 0
3069 65 110 0
3070 65 115 0
3071 65 112 0
3072 65 117 0
3073 65 119 0
3074 65 111 0
3075 65 225 1
3076 65 116 0
3077 65 209 1
3078 65 110 0
3079 65 117 0
3080 65 113 0
3081 65 110 0
3082 65 114 0
3083 65 110 0
3084 65 110 0
3085 65 119 0
3086 65 114 0
3087 65 118 0
3088 65 113 0
3089 65 553 2
3090 66 117 0
3091 66 114 0
3092 66 114 0
3093 66 111 0
3094 66 207 1
3095 66 120 0
3096 66 219 1
3097 66 215 1
3098 66 111 0
3099 66 111 0
3100 66 118 0
3101 66 113 0
3102 66 113 0
3103 66 111 0
3104 66 119 0
3105 66 115 0
3106 66 111 0
3107 66 111 0
3108 66 113 0
3109 66 115 0
3110 66 113 0
3111 66 213 1
3112 66 114 0
3113 66 608 2
3114 66 113 0
3115 66 115 0
3116 66 120 0
3117 66 112 0
3118 66 115 0
3119 66 114 0
3120 66 223 1
3121 66 119 0
3122 66 113 0
3123 66 114 0
3124 66 212 1
3125 66 111 0
3126 66 118 0
3127 66 112 0
3128 66 119 0
3129 66 117 0
3130 66 118 0
3131 66 203 1
3132 66 120 0
3133 66 113 0
3134 66 112 0
3135 66 117 0
3136 66 117 0
3137 66 228 1
3138 66 209 1
3139 66 117 0
3140 66 113 0
3141 66 116 0
3142 66 113 0
3143 66 225 1
3144 66 118 0
3145 66 117 0
3146 66 119 0
3147 66 220 1
3148 66 119 0
3149 66 111 0
3150 66 115 0
3151 66 111 0
3152 66 115 0
3153 66 113 0
3154 66 113 0
3155 66 114 0
3156 66 120 0
3157 66 114 0
3158 66 113 0
3159 66 114 0
3160 66 112 0
3161 66 113 0
3162 66 119 0
3163 66 116 0
3164 66 116 0
3165 66 549 2
3166 66 117 0
3167 66 566 2
3168 66 216 1
3169 66 119 0
3170 66 119 0
3171 66 202 1
3172 66 201 1
3173 66 116 0
3174 66 116 0
3175 66 215 1
3176 66 215 1
3177 66 113 0
3178 66 115 0
3179 66 114 0
3180 66 111 0
3181 66 112 0
3182 66 112 0
3183 66 216 1
3184 66 120 0
3185 66 540 2
3186 66 216 1
3187 66 112 0
3188 66 117 0
3189 66 111 0
3190 66 116 0
3191 66 218 1
3192 66 111 0
3193 66 113 0
3194 66 117 0
3195 66 119 0
3196 66 111 0
3197 66 530 2
3198 66 119 0
3199 66 226 1
3200 66 115 0
3201 66 120 0
3202 66 206 1
3203 66 118 0
3204 66 112 0
3205 66 113 0
3206 66 116 0
3207 66 112 0
3208 66 116 0
3209 66 114 0
3210 66 114 0
3211 67 209 1
3212 67 112 0
3213 67 119 0
3214 67 112 0
3215 67 203 1
3216 67 115 0
3217 67 114 0
3218 67 220 1
3219 67 112 0
3220 67 121 0
3221 67 115 0
3222 67 529 2
3223 67 213 1
3224 67 116 0
3225 67 116 0
3226 67 114 0
3227 67 112 0
3228 67 114 0
3229 67 120 0
3230 67 120 0
3231 67 114 0
3232 67 112 0
3233 67 204 1
3234 67 613 2
3235 67 114 0
3236 67 112 0
3237 67 120 0
3238 67 114 0
3239 67 114 0
3240 67 121 0
3241 67 113 0
3242 67 209 1
3243 67 114 0
3244 67 580 2
3245 67 116 0
3246 67 112 0
3247 67 120 0
3248 67 121 0
3249 67 118 0
3250 67 120 0
3251 67 121 0
3252 67 116 0
3253 67 117 0
3254 67 119 0
3255 67 119 0
3256 67 214 1
3257 67 228 1
3258 67 231 1
3259 67 119 0
3260 67 225 1
3261 67 112 0
3262 67 114 0
3263 67 116 0
3264 67 116 0
3265 67 112 0
3266 67 231 1
3267 67 215 1
3268 67 112 0
3269 67 119 0
3270 67 231 1
3271 67 118 0
3272 67 118 0
3273 67 116 0
3274 67 205 1
3275 67 118 0
3276 67 118 0
3277 67 121 0
3278 67 120 0
3279 67 115 0
3280 67 112 0
3281 67 121 0
3282 67 117 0
3283 67 119 0
3284 67 112 0
3285 67 542 2
3286 67 120 0
3287 67 121 0
3288 67 228 1
3289 67 115 0
3290 67 119 0
3291 67 114 0
3292 67 119 0
3293 67 117 0
3294 67 121 0
3295 67 113 0
3296 67 112 0
3297 67 207 1
3298 67 114 0
3299 67 116 0
3300 67 113 0
3301 67 115 0
3302 67 113 0
3303 67 119 0
3304 67 119 0
3305 67 113 0
3306 67 115 0
3307 67 113 0
3308 67 219 1
3309 67 117 0
3310 67 113 0
3311 67 586 2
3312 67 113 0
3313 67 114 0
3314 67 112 0
3315 67 118 0
3316 67 113 0
3317 67 112 0
3318 67 227 1
3319 67 116 0
3320 67 529 2
3321 67 119 0
3322 67 118 0
3323 67 118 0
3324 67 217 1
3325 67 113 0
3326 67 115 0
3327 67 208 1
3328 67 115 0
3329 67 207 1
3330 67 209 1
3331 67 113 0
3332 67 121 0
3333 67 114 0
3334 67 117 0
3335 67 114 0
3336 67 117 0
3337 67 112 0
3338 67 221 1
3339 67 118 0
3340 67 117 0
3341 67 121 0
3342 67 118 0
3343 67 117 0
3344 67 120 0
3345 67 216 1
3346 67 227 1
3347 67 112 0
3348 67 548 2
3349 67 121 0
3350 67 119 0
3351 67 112 0
3352 67 113 0
3353 67 115 0
3354 67 203 1
3355 67 120 0
3356 67 210 1
3357 67 112 0
3358 68 119 0
3359 68 208 1
3360 68 226 1
3361 68 121 0
3362 68 556 2
3363 68 118 0
3364 68 576 2
3365 68 225 1
3366 68 121 0
3367 68 122 0
3368 68 119 0
3369 68 223 1
3370 68 122 0
3371 68 114 0
3372 68 120 0
3373 68 121 0
3374 68 119 0
3375 68 115 0
3376 68 121 0
3377 68 224 1
3378 68 119 0
3379 68 117 0
3380 68 116 0
3381 68 113 0
3382 68 204 1
3383 68 218 1
3384 68 115 0
3385 68 114 0
3386 68 119 0
3387 68 121 0
3388 68 218 1
3389 68 116 0
3390 68 113 0
3391 68 116 0
3392 68 113 0
3393 68 206 1
3394 68 117 0
3395 68 113 0
3396 68 116 0
3397 68 114 0
3398 68 118 0
3399 68 117 0
3400 68 120 0
3401 68 113 0
3402 68 119 0
3403 68 227 1
3404 68 113 0
3405 68 117 0
3406 68 115 0
3407 68 120 0
3408 68 114 0
3409 68 228 1
3410 68 118 0
3411 68 122 0
3412 68 228 1
3413 68 121 0
3414 68 117 0
3415 68 548 2
3416 68 122 0
3417 68 114 0
3418 68 113 0
3419 68 117 0
3420 68 120 0
3421 68 119 0
3422 68 118 0
3423 68 120 0
3424 68 121 0
3425 68 117 0
3426 68 118 0
3427 68 120 0
3428 68 230 1
3429 68 116 0
3430 68 120 0
3431 68 122 0
3432 68 121 0
3433 68 122 0
3434 68 229 1
3435 68 230 1
3436 68 118 0
3437 68 115 0
3438 68 115 0
3439 68 215 1
3440 68 525 2
3441 68 228 1
3442 68 122 0
3443 68 117 0
3444 68 114 0
3445 68 114 0
3446 68 223 1
3447 68 113 0
3448 68 591 2
3449 68 118 0
3450 68 119 0
3451 68 121 0
3452 68 122 0
3453 68 122 0
3454 68 122 0
3455 68 531 2
3456 68 120 0
3457 68 118 0
3458 68 581 2
3459 68 206 1
3460 68 117 0
3461 68 113 0
3462 68 119 0
3463 68 531 2
3464 68 116 0
3465 68 116 0
3466 68 114 0
3467 68 116 0
3468 69 114 0
3469 69 118 0
3470 69 122 0
3471 69 122 0
3472 69 122 0
3473 69 121 0
3474 69 116 0
3475 69 120 0
3476 69 119 0
3477 69 119 0
3478 69 117 0
3479 69 114 0
3480 69 121 0
3481 69 120 0
3482 69 218 1
3483 69 121 0
3484 69 121 0
3485 69 121 0
3486 69 122 0
3487 69 117 0
3488 69 118 0
3489 69 122 0
3490 69 224 1
3491 69 115 0
3492 69 116 0
3493 69 549 2
3494 69 117 0
3495 69 118 0
3496 69 118 0
3497 69 119 0
3498 69 119 0
3499 69 599 2
3500 69 117 0
3501 69 115 0
3502 69 116 0
3503 69 121 0
3504 69 115 0
3505 69 114 0
3506 69 122 0
3507 69 114 0
3508 69 122 0
3509 69 114 0
3510 69 119 0
3511 69 229 1
3512 69 119 0
3513 69 204 1
3514 69 114 0
3515 69 224 1
3516 69 116 0
3517 69 119 0
3518 69 117 0
3519 69 122 0
3520 69 120 0
3521 69 117 0
3522 69 575 2
3523 69 232 1
3524 69 123 0
3525 69 218 1
3526 69 120 0
3527 69 123 0
3528 69 120 0
3529 69 122 0
3530 69 118 0
3531 69 115 0
3532 69 232 1
3533 69 117 0
3534 69 118 0
3535 69 117 0
3536 69 114 0
3537 69 114 0
3538 69 121 0
3539 69 119 0
3540 69 207 1
3541 69 213 1
3542 69 118 0
3543 69 122 0
3544 69 117 0
3545 69 123 0
3546 69 119 0
3547 69 123 0
3548 69 121 0
3549 69 122 0
3550 69 119 0
3551 69 117 0
3552 69 226 1
3553 69 230 1
3554 69 121 0
3555 69 121 0
3556 69 229 1
3557 70 120 0
3558 70 520 2
3559 70 120 0
3560 70 120 0
3561 70 123 0
3562 70 116 0
3563 70 123 0
3564 70 119 0
3565 70 122 0
3566 70 116 0
3567 70 523 2
3568 70 124 0
3569 70 121 0
3570 70 118 0
3571 70 123 0
3572 70 121 0
3573 70 115 0
3574 70 120 0
3575 70 119 0
3576 70 122 0
3577 70 120 0
3578 70 117 0
3579 70 121 0
3580 70 568 2
3581 70 121 0
3582 70 571 2
3583 70 115 0
3584 70 119 0
3585 70 119 0
3586 70 524 2
3587 70 212 1
3588 70 124 0
3589 70 120 0
3590 70 124 0
3591 70 124 0
3592 70 537 2
3593 70 115 0
3594 70 117 0
3595 70 117 0
3596 70 122 0
3597 70 121 0
3598 70 116 0
3599 70 121 0
3600 70 115 0
3601 70 117 0
3602 70 122 0
3603 70 117 0
3604 70 115 0
3605 70 121 0
3606 70 122 0
3607 70 121 0
3608 70 119 0
3609 70 124 0
3610 70 118 0
3611 70 122 0
3612 70 124 0
3613 70 210 1
3614 70 121 0
3615 70 121 0
3616 70 117 0
3617 70 116 0
3618 70 123 0
3619 70 116 0
3620 70 120 0
3621 70 124 0
3622 70 124 0
3623 70 123 0
3624 70 123 0
3625 70 122 0
3626 70 118 0
3627 70 123 0
3628 70 121 0
3629 70 122 0
3630 70 122 0
3631 70 122 0
3632 70 119 0
3633 70 118 0
3634 70 122 0
3635 70 116 0
3636 70 116 0
3637 70 122 0
3638 70 119 0
3639 70 115 0
3640 70 116 0
3641 70 553 2
3642 70 540 2
3643 70 121 0
3644 70 124 0
3645 70 119 0
3646 70 123 0
3647 70 119 0
3648 71 124 0
3649 71 125 0
3650 71 566 2
3651 71 117 0
3652 71 118 0
3653 71 223 1
3654 71 117 0
3655 71 221 1
3656 71 120 0
3657 71 223 1
3658 71 118 0
3659 71 208 1
3660 71 116 0
3661 71 121 0
3662 71 120 0
3663 71 123 0
3664 71 120 0
3665 71 117 0
3666 71 119 0
3667 71 120 0
3668 71 228 1
3669 71 123 0
3670 71 117 0
3671 71 120 0
3672 71 124 0
3673 71 120 0
3674 71 116 0
3675 71 124 0
3676 71 117 0
3677 71 119 0
3678 71 124 0
3679 71 117 0
3680 71 566 2
3681 71 206 1
3682 71 117 0
3683 71 120 0
3684 71 123 0
3685 71 123 0
3686 71 121 0
3687 71 121 0
3688 71 116 0
3689 71 125 0
3690 71 121 0
3691 71 229 1
3692 71 118 0
3693 71 120 0
3694 71 119 0
3695 71 122 0
3696 71 116 0
3697 71 209 1
3698 71 207 1
3699 71 125 0
3700 71 553 2
3701 71 121 0
3702 71 124 0
3703 71 121 0
3704 71 116 0
3705 71 117 0
3706 71 120 0
3707 71 125 0
3708 71 123 0
3709 71 213 1
3710 71 123 0
3711 71 124 0
3712 71 208 1
3713 71 120 0
3714 71 121 0
3715 71 613 2
3716 71 118 0
3717 71 121 0
3718 71 121 0
3719 71 125 0
3720 71 116 0
3721 71 121 0
3722 71 595 2
3723 71 212 1
3724 71 120 0
3725 71 211 1
3726 71 124 0
3727 71 117 0
3728 71 119 0
3729 71 223 1
3730 71 120 0
3731 72 117 0
3732 72 219 1
3733 72 124 0
3734 72 124 0
3735 72 235 1
3736 72 125 0
3737 72 122 0
3738 72 120 0
3739 72 224 1
3740 72 117 0
3741 72 119 0
3742 72 617 2
3743 72 119 0
3744 72 220 1
3745 72 556 2
3746 72 118 0
3747 72 125 0
3748 72 120 0
3749 72 120 0
3750 72 123 0
3751 72 121 0
3752 72 124 0
3753 72 118 0
3754 72 119 0
3755 72 119 0
3756 72 119 0
3757 72 118 0
3758 72 211 1
3759 72 619 2
3760 72 123 0
3761 72 125 0
3762 72 120 0
3763 72 124 0
3764 72 123 0
3765 72 125 0
3766 72 123 0
3767 72 122 0
3768 72 222 1
3769 72 125 0
3770 72 125 0
3771 72 118 0
3772 72 126 0
3773 72 586 2
3774 72 118 0
3775 72 213 1
3776 72 125 0
3777 72 232 1
3778 72 535 2
3779 72 117 0
3780 72 124 0
3781 72 118 0
3782 72 122 0
3783 72 121 0
3784 72 122 0
3785 72 118 0
3786 72 121 0
3787 72 211 1
3788 72 117 0
3789 73 118 0
3790 73 122 0
3791 73 118 0
3792 73 121 0
3793 73 118 0
3794 73 124 0
3795 73 118 0
3796 73 125 0
3797 73 119 0
3798 73 126 0
3799 73 123 0
3800 73 123 0
3801 73 120 0
3802 73 126 0
3803 73 126 0
3804 73 124 0
3805 73 126 0
3806 73 120 0
3807 73 212 1
3808 73 219 1
3809 73 125 0
3810 73 125 0
3811 73 125 0
3812 73 120 0
3813 73 119 0
3814 73 125 0
3815 73 124 0
3816 73 124 0
3817 73 120 0
3818 73 126 0
3819 73 126 0
3820 73 126 0
3821 73 118 0
3822 73 121 0
3823 73 219 1
3824 73 118 0
3825 73 119 0
3826 73 126 0
3827 73 121 0
3828 73 125 0
3829 74 128 0
3830 74 582 2
3831 74 211 1
3832 74 121 0
3833 74 127 0
3834 74 126 0
3835 74 123 0
3836 74 568 2
3837 74 120 0
3838 74 124 0
3839 74 123 0
3840 74 123 0
3841 74 125 0
3842 74 236 1
3843 74 120 0
3844 74 124 0
3845 74 119 0
3846 74 126 0
3847 74 212 1
3848 74 122 0
3849 74 119 0
3850 74 119 0
3851 74 123 0
3852 74 124 0
3853 74 124 0
3854 74 231 1
3855 74 122 0
3856 74 119 0
3857 74 120 0
3858 74 227 1
3859 74 122 0
3860 74 229 1
3861 74 122 0
3862 74 120 0
3863 74 127 0
3864 74 123 0
3865 74 120 0
3866 74 123 0
3867 74 223 1
3868 74 124 0
3869 74 235 1
3870 74 123 0
3871 74 237 1
3872 74 119 0
3873 75 217 1
3874 75 126 0
3875 75 129 0
3876 75 120 0
3877 75 607 2
3878 75 128 0
3879 75 125 0
3880 75 127 0
3881 75 231 1
3882 75 212 1
3883 75 128 0
3884 75 233 1
3885 75 121 0
3886 75 122 0
3887 75 125 0
3888 75 215 1
3889 75 237 1
3890 75 122 0
3891 75 125 0
3892 75 544 2
3893 75 122 0
3894 75 124 0
3895 75 124 0
3896 75 126 0
3897 75 127 0
3898 75 127 0
3899 75 121 0
3900 75 219 1
3901 75 216 1
3902 75 128 0
3903 75 123 0
3904 75 122 0
3905 75 121 0
3906 75 127 0
3907 75 122 0
3908 75 222 1
3909 75 125 0
3910 76 125 0
3911 76 124 0
3912 76 123 0
3913 76 220 1
3914 76 127 0
3915 76 128 0
3916 76 122 0
3917 76 127 0
3918 76 130 0
3919 76 238 1
3920 76 127 0
3921 76 129 0
3922 76 130 0
3923 76 128 0
3924 76 123 0
3925 76 127 0
3926 76 123 0
3927 76 122 0
3928 76 122 0
3929 76 122 0
3930 76 127 0
3931 76 122 0
3932 76 126 0
3933 76 130 0
3934 76 127 0
3935 77 237 1
3936 77 231 1
3937 77 129 0
3938 77 130 0
3939 77 226 1
3940 77 131 0
3941 77 126 0
3942 77 124 0
3943 77 131 0
3944 77 129 0
3945 77 124 0
3946 78 128 0
3947 78 126 0
3948 78 125 0
3949 78 224 1
3950 78 131 0
3951 78 126 0
3952 78 123 0
3953 78 132 0
3954 78 123 0
3955 78 125 0
3956 78 124 0
3957 78 132 0
3958 78 220 1
3959 78 130 0
3960 78 124 0
3961 78 124 0
3962 78 127 0
3963 79 130 0
3964 79 125 0
3965 79 221 1
3966 79 624 2
3967 79 124 0
3968 79 533 2
3969 79 125 0
3970 79 124 0
3971 79 131 0
3972 79 132 0
3973 79 126 0
3974 79 238 1
3975 80 128 0
3976 80 234 1
3977 80 128 0
3978 80 221 1
3979 80 125 0
3980 81 128 0
3981 81 134 0
3982 81 132 0
3983 81 128 0
3984 81 130 0
3985 81 127 0
3986 81 126 0
3987 82 235 1
3988 82 127 0
3989 82 238 1
3990 82 240 1
3991 83 131 0
3992 83 130 0
3993 83 129 0
3994 84 135 0
3995 85 631 2
3996 85 132 0
3997 86 135 0
3998 86 140 0
3999 88 138 0
4000 99 153 0
