0 0 92 0
1 0 312 1
2 0 43 0
3 0 119 1
4 1 164 1
5 1 9 0
6 1 136 1
7 1 124 1
8 2 33 0
9 2 62 0
10 3 93 0
11 3 175 1
12 3 65 0
13 4 276 1
14 5 229 1
15 5 99 0
16 5 151 1
17 7 28 0
18 7 125 1
19 8 89 0
20 10 90 0
21 13 129 1
22 14 23 0
23 15 32 0
24 15 75 0
25 16 314 1
26 16 184 1
27 17 170 1
28 19 88 0
29 20 159 1
30 22 262 1
31 23 122 0
32 24 199 1
33 25 90 0
34 25 282 1
35 26 56 0
36 26 96 0
37 26 111 0
38 26 242 1
39 26 444 1
40 28 268 1
41 30 190 1
42 30 193 1
43 30 190 1
44 30 97 0
45 30 182 1
46 31 159 1
47 32 130 0
48 33 117 0
49 34 209 1
50 35 83 0
51 35 233 1
52 35 306 1
53 35 138 1
54 36 133 0
55 36 143 1
56 38 114 0
57 38 278 1
58 39 236 1
59 39 88 0
60 40 94 0
61 40 218 1
62 40 158 1
63 42 179 1
64 43 159 1
65 43 232 1
66 45 334 1
67 47 332 1
68 47 234 1
69 47 80 0
70 47 125 0
71 48 183 1
72 49 135 0
73 49 192 1
74 50 109 0
75 50 379 1
76 50 198 1
77 50 222 1
78 51 150 0
79 51 283 1
80 51 77 0
81 52 287 1
82 55 98 0
83 55 217 1
84 55 172 1
85 56 245 1
86 56 122 0
87 57 98 0
88 58 117 0
89 58 234 1
90 60 78 0
91 62 197 1
92 63 141 0
93 63 83 0
94 64 362 1
95 64 164 1
96 65 235 1
97 65 272 1
98 65 111 0
99 65 251 1
100 65 381 1
101 66 186 1
102 66 263 1
103 67 331 1
104 67 113 0
105 67 86 0
106 67 107 0
107 68 236 1
108 68 195 1
109 69 97 0
110 69 160 0
111 69 192 1
112 70 176 1
113 71 189 1
114 71 177 1
115 71 251 1
116 72 122 0
117 73 83 0
118 73 140 0
119 74 84 0
120 74 220 1
121 76 227 1
122 76 183 1
123 77 350 1
124 78 105 0
125 78 213 1
126 78 152 0
127 78 180 1
128 79 150 0
129 79 235 1
130 80 124 0
131 80 165 0
132 80 427 1
133 81 189 1
134 81 198 1
135 83 262 1
136 83 211 1
137 83 255 1
138 84 215 1
139 84 149 0
140 85 86 0
141 85 160 0
142 85 213 1
143 85 146 0
144 86 105 0
145 86 209 1
146 87 325 1
147 87 139 0
148 88 429 1
149 88 377 1
150 88 197 1
151 89 304 1
152 90 465 1
153 90 118 0
154 90 106 0
155 91 116 0
156 92 181 0
157 92 170 0
158 93 235 1
159 93 160 0
160 93 124 0
161 94 172 0
162 95 124 0
163 96 660 2
164 96 174 0
165 96 171 0
166 96 272 1
167 96 211 1
168 97 201 1
169 98 265 1
170 98 120 0
171 98 423 1
172 99 208 1
173 99 242 1
174 100 117 0
175 102 169 0
176 102 189 0
177 102 328 1
178 103 449 1
179 103 272 1
180 103 229 1
181 104 145 0
182 104 177 0
183 106 333 1
184 106 394 1
185 106 281 1
186 106 327 1
187 107 322 1
188 107 253 1
189 107 178 0
190 108 523 1
191 108 378 1
192 108 230 1
193 109 228 1
194 110 143 0
195 110 381 1
196 110 325 1
197 110 195 0
198 111 321 1
199 111 216 1
200 112 141 0
201 112 144 0
202 113 329 1
203 114 226 1
204 114 150 0
205 114 129 0
206 115 249 1
207 115 184 0
208 115 358 1
209 116 403 1
210 117 211 0
211 117 246 1
212 117 203 0
213 117 160 0
214 118 294 1
215 118 304 1
216 118 243 1
217 118 204 0
218 119 147 0
219 119 182 0
220 120 125 0
221 120 121 0
222 120 328 1
223 120 312 1
224 121 172 0
225 121 172 0
226 121 199 0
227 121 127 0
228 121 283 1
229 121 267 1
230 121 145 0
231 121 273 1
232 122 403 1
233 122 191 0
234 123 220 0
235 123 261 1
236 123 130 0
237 124 289 1
238 124 242 1
239 124 262 1
240 125 266 1
241 125 189 0
242 125 209 0
243 126 239 1
244 126 216 0
245 126 300 1
246 126 171 0
247 126 332 1
248 126 200 0
249 126 157 0
250 126 158 0
251 127 133 0
252 127 288 1
253 127 166 0
254 127 131 0
255 127 307 1
256 127 268 1
257 127 181 0
258 127 273 1
259 127 230 1
260 128 229 1
261 128 421 1
262 128 246 1
263 128 306 1
264 128 197 0
265 128 343 1
266 128 179 0
267 128 390 1
268 128 446 1
269 128 520 1
270 129 214 0
271 129 223 0
272 129 135 0
273 129 500 1
274 129 145 0
275 129 168 0
276 130 239 1
277 130 144 0
278 130 227 0
279 130 224 0
280 130 334 1
281 130 139 0
282 131 242 1
283 131 436 1
284 131 415 1
285 131 209 0
286 131 251 1
287 131 237 1
288 131 234 1
289 132 172 0
290 132 357 1
291 132 346 1
292 132 297 1
293 133 424 1
294 133 291 1
295 133 161 0
296 133 179 0
297 133 282 1
298 133 278 1
299 133 270 1
300 133 405 1
301 133 285 1
302 133 340 1
303 133 272 1
304 133 155 0
305 133 163 0
306 134 234 1
307 134 315 1
308 134 282 1
309 134 138 0
310 134 161 0
311 135 260 1
312 135 196 0
313 135 202 0
314 135 229 0
315 136 332 1
316 136 370 1
317 136 236 1
318 136 270 1
319 136 216 0
320 136 202 0
321 136 217 0
322 136 369 1
323 136 357 1
324 137 238 1
325 137 253 1
326 137 163 0
327 137 205 0
328 137 399 1
329 137 323 1
330 137 154 0
331 138 281 1
332 138 298 1
333 138 239 1
334 138 235 0
335 138 207 0
336 138 227 0
337 139 307 1
338 139 245 1
339 139 359 1
340 139 201 0
341 139 197 0
342 140 305 1
343 140 180 0
344 140 156 0
345 140 283 1
346 140 321 1
347 140 345 1
348 140 406 1
349 141 270 1
350 141 412 1
351 141 349 1
352 141 316 1
353 141 264 1
354 141 315 1
355 141 396 1
356 142 174 0
357 142 361 1
358 142 315 1
359 142 306 1
360 142 287 1
361 142 428 1
362 142 225 0
363 143 191 0
364 143 190 0
365 143 523 1
366 143 417 1
367 143 194 0
368 143 259 1
369 143 359 1
370 144 264 1
371 144 239 0
372 144 195 0
373 144 186 0
374 144 305 1
375 144 257 1
376 144 364 1
377 144 297 1
378 144 146 0
379 145 231 0
380 145 330 1
381 145 301 1
382 145 378 1
383 146 249 1
384 146 203 0
385 146 381 1
386 146 425 1
387 147 547 1
388 147 479 1
389 147 150 0
390 147 302 1
391 147 208 0
392 147 222 0
393 147 153 0
394 147 212 0
395 148 251 1
396 148 237 0
397 148 189 0
398 148 191 0
399 148 243 0
400 148 334 1
401 148 236 0
402 148 252 1
403 148 309 1
404 148 242 0
405 149 376 1
406 149 321 1
407 149 209 0
408 149 385 1
409 150 194 0
410 150 159 0
411 150 240 0
412 150 265 1
413 150 205 0
414 150 266 1
415 150 233 0
416 150 392 1
417 150 250 1
418 151 317 1
419 151 227 0
420 151 198 0
421 151 332 1
422 151 184 0
423 151 226 0
424 151 205 0
425 152 553 1
426 152 277 1
427 152 297 1
428 152 375 1
429 152 381 1
430 152 320 1
431 152 271 1
432 152 246 0
433 153 444 1
434 153 232 0
435 153 304 1
436 153 197 0
437 153 384 1
438 153 251 0
439 153 249 0
440 153 267 1
441 153 299 1
442 154 233 0
443 154 278 1
444 154 156 0
445 154 275 1
446 154 347 1
447 154 238 0
448 154 239 0
449 154 407 1
450 154 229 0
451 155 242 0
452 155 306 1
453 155 172 0
454 155 284 1
455 155 326 1
456 155 454 1
457 155 326 1
458 155 384 1
459 155 261 1
460 155 395 1
461 156 365 1
462 156 411 1
463 156 353 1
464 156 261 1
465 156 244 0
466 156 361 1
467 156 195 0
468 156 331 1
469 156 367 1
470 156 276 1
471 157 519 1
472 157 161 0
473 157 233 0
474 157 192 0
475 157 163 0
476 157 260 1
477 157 272 1
478 158 315 1
479 158 320 1
480 158 230 0
481 158 294 1
482 158 200 0
483 159 228 0
484 159 319 1
485 159 532 1
486 159 276 1
487 159 390 1
488 159 160 0
489 159 221 0
490 159 270 1
491 159 254 0
492 159 268 1
493 159 161 0
494 159 225 0
495 160 209 0
496 160 245 0
497 160 322 1
498 161 229 0
499 161 225 0
500 161 310 1
501 161 244 0
502 161 239 0
503 161 257 0
504 161 188 0
505 161 185 0
506 161 215 0
507 162 393 1
508 162 232 0
509 162 316 1
510 162 373 1
511 162 193 0
512 162 201 0
513 163 284 1
514 163 210 0
515 163 237 0
516 163 365 1
517 163 269 1
518 163 306 1
519 163 298 1
520 163 282 1
521 163 280 1
522 163 311 1
523 164 249 0
524 164 210 0
525 164 227 0
526 164 236 0
527 164 240 0
528 164 311 1
529 164 255 0
530 164 331 1
531 164 166 0
532 164 226 0
533 164 244 0
534 165 181 0
535 165 278 1
536 165 337 1
537 165 328 1
538 165 249 0
539 165 197 0
540 165 537 1
541 165 363 1
542 165 261 0
543 166 403 1
544 166 537 1
545 166 414 1
546 167 312 1
547 167 302 1
548 167 250 0
549 167 425 1
550 168 204 0
551 168 200 0
552 168 233 0
553 168 265 0
554 168 312 1
555 168 542 1
556 168 195 0
557 168 256 0
558 168 172 0
559 168 283 1
560 169 312 1
561 169 240 0
562 169 224 0
563 169 251 0
564 169 231 0
565 169 555 1
566 169 298 1
567 169 277 1
568 169 351 1
569 170 282 1
570 170 359 1
571 170 313 1
572 170 387 1
573 170 187 0
574 170 300 1
575 170 269 0
576 171 394 1
577 171 471 1
578 171 351 1
579 171 389 1
580 171 330 1
581 171 254 0
582 171 270 0
583 171 461 1
584 172 177 0
585 172 241 0
586 172 204 0
587 173 267 0
588 173 234 0
589 173 265 0
590 173 280 1
591 173 218 0
592 173 256 0
593 173 376 1
594 173 332 1
595 173 370 1
596 173 176 0
597 174 298 1
598 174 335 1
599 174 194 0
600 174 407 1
601 174 412 1
602 174 317 1
603 174 182 0
604 175 323 1
605 175 273 0
606 175 363 1
607 175 256 0
608 175 329 1
609 175 400 1
610 175 517 1
611 175 328 1
612 175 348 1
613 176 296 1
614 176 346 1
615 176 180 0
616 176 207 0
617 176 322 1
618 176 203 0
619 176 290 1
620 176 237 0
621 177 389 1
622 177 364 1
623 177 281 1
624 177 195 0
625 177 304 1
626 177 576 1
627 177 461 1
628 178 257 0
629 178 274 0
630 178 275 0
631 178 212 0
632 178 307 1
633 178 334 1
634 178 255 0
635 178 270 0
636 178 187 0
637 179 245 0
638 179 300 1
639 179 242 0
640 180 314 1
641 180 274 0
642 180 331 1
643 180 203 0
644 181 332 1
645 181 360 1
646 181 206 0
647 182 292 1
648 183 543 1
649 183 247 0
650 184 261 0
651 184 203 0
652 184 454 1
653 186 277 0
654 186 230 0
655 187 275 0
656 187 393 1
657 187 366 1
658 187 328 1
659 187 419 1
660 187 399 1
661 188 285 0
662 188 301 1
663 188 277 0
664 189 218 0
665 189 365 1
666 189 411 1
667 189 302 1
668 190 524 1
669 190 291 1
670 190 226 0
671 190 280 0
672 191 295 1
673 191 298 1
674 191 410 1
675 191 367 1
676 191 326 1
677 192 465 1
678 192 469 1
679 192 315 1
680 192 239 0
681 193 344 1
682 193 323 1
683 193 532 1
684 193 237 0
685 193 306 1
686 193 474 1
687 194 243 0
688 194 286 0
689 194 343 1
690 194 426 1
691 194 223 0
692 194 249 0
693 195 322 1
694 195 344 1
695 195 261 0
696 196 385 1
697 196 197 0
698 197 411 1
699 197 385 1
700 198 348 1
701 199 203 0
702 199 431 1
703 201 258 0
704 203 383 1
705 203 337 1
706 203 269 0
707 203 320 1
708 203 276 0
709 204 246 0
710 204 297 0
711 205 348 1
712 205 216 0
713 205 494 1
714 206 484 1
715 206 226 0
716 207 282 0
717 207 346 1
718 208 223 0
719 208 317 1
720 209 322 1
721 209 283 0
722 210 318 1
723 210 255 0
724 210 325 1
725 211 289 0
726 211 352 1
727 212 278 0
728 212 320 1
729 212 386 1
730 213 441 1
731 213 398 1
732 213 361 1
733 213 309 0
734 214 309 0
735 214 309 0
736 214 294 0
737 215 618 1
738 215 227 0
739 215 462 1
740 215 237 0
741 215 287 0
742 215 436 1
743 216 325 1
744 218 393 1
745 218 235 0
746 218 261 0
747 218 246 0
748 219 329 1
749 219 329 1
750 219 564 1
751 220 288 0
752 220 306 0
753 220 609 1
754 220 507 1
755 220 400 1
756 220 277 0
757 220 329 1
758 220 230 0
759 221 233 0
760 222 622 1
761 222 334 1
762 222 439 1
763 222 235 0
764 223 339 1
765 223 274 0
766 223 449 1
767 223 445 1
768 224 304 0
769 224 390 1
770 224 234 0
771 225 383 1
772 225 303 0
773 225 311 0
774 225 239 0
775 226 310 0
776 226 446 1
777 227 307 0
778 228 367 1
779 229 355 1
780 229 327 0
781 229 316 0
782 229 276 0
783 229 532 1
784 231 243 0
785 232 254 0
786 232 376 1
787 232 317 0
788 232 307 0
789 232 389 1
790 233 366 1
791 233 585 1
792 233 316 0
793 234 275 0
794 234 315 0
795 234 251 0
796 235 415 1
797 236 244 0
798 236 317 0
799 237 253 0
800 237 253 0
801 237 441 1
802 238 615 1
803 238 382 1
804 238 265 0
805 239 346 1
806 239 385 1
807 239 549 1
808 239 512 1
809 239 396 1
810 241 499 1
811 242 346 1
812 244 271 0
813 244 406 1
814 246 411 1
815 247 468 1
816 248 374 1
817 249 608 1
818 249 323 0
819 249 388 1
820 250 405 1
821 253 330 0
822 253 589 1
823 255 394 1
824 256 518 1
825 256 287 0
826 257 271 0
827 259 373 1
828 262 486 1
829 263 434 1
830 265 503 1
831 268 487 1
832 269 325 0
833 269 387 1
834 269 417 1
835 269 373 1
836 272 496 1
837 272 381 1
838 272 349 0
839 273 365 0
840 273 327 0
841 273 423 1
842 274 360 0
843 278 460 1
844 278 514 1
845 279 538 1
846 279 398 1
847 280 294 0
848 281 486 1
849 283 291 0
850 283 396 1
851 283 430 1
852 284 453 1
853 285 677 1
854 285 525 1
855 286 314 0
856 287 362 0
857 288 458 1
858 291 316 0
859 293 317 0
860 293 466 1
861 294 527 1
862 294 347 0
863 294 383 0
864 295 451 1
865 296 375 0
866 296 439 1
867 296 416 1
868 305 388 0
869 305 459 1
870 305 569 1
871 309 396 0
872 312 537 1
873 313 385 0
874 313 352 0
875 313 460 1
876 315 382 0
877 317 471 1
878 317 574 1
879 321 475 1
880 324 475 1
881 330 417 0
882 331 540 1
883 332 440 1
884 337 443 1
885 339 653 1
886 344 363 0
887 351 373 0
888 361 534 1
889 362 413 0
890 363 548 1
891 363 528 1
892 366 441 0
893 366 530 1
894 367 518 1
895 367 487 1
896 369 491 1
897 369 530 1
898 370 402 0
899 371 547 1
900 372 378 0
901 373 402 0
902 374 568 1
903 375 605 1
904 376 403 0
905 376 457 0
906 378 544 1
907 378 401 0
908 378 471 0
909 378 603 1
910 378 385 0
911 379 380 0
912 380 450 0
913 381 490 1
914 381 494 1
915 381 547 1
916 383 745 1
917 383 471 0
918 384 395 0
919 385 386 0
920 385 520 1
921 386 528 1
922 387 550 1
923 388 428 0
924 389 626 1
925 391 544 1
926 391 517 1
927 392 400 0
928 392 588 1
929 397 482 0
930 397 468 0
931 400 404 0
932 402 510 1
933 402 451 0
934 402 479 0
935 407 536 1
936 407 525 1
937 409 664 1
938 410 594 1
939 410 435 0
940 410 604 1
941 415 556 1
942 416 464 0
943 416 435 0
944 416 655 1
945 416 453 0
946 427 513 0
947 432 437 0
948 438 638 1
949 439 587 1
950 445 591 1
951 457 552 0
952 463 563 1
953 464 732 1
954 468 529 0
955 478 570 0
956 487 673 1
957 490 568 0
958 492 633 1
959 495 519 0
960 507 518 0
961 515 620 1
962 518 584 0
963 533 765 1
964 533 939 1
965 534 546 0
966 542 722 1
967 546 655 1
968 546 651 1
969 549 610 0
970 549 641 0
971 551 743 1
972 551 612 0
973 553 686 1
974 558 648 0
975 566 588 0
976 571 595 0
977 579 830 1
978 582 809 1
979 588 701 1
980 589 998 1
981 592 795 1
982 596 780 1
983 596 702 1
984 597 744 1
985 598 628 0
986 612 621 0
987 616 711 0
988 625 805 1
989 633 769 1
990 633 723 0
991 639 786 1
992 642 741 0
993 646 718 0
994 655 681 0
995 656 736 0
996 702 825 1
997 746 1162 1
998 807 810 0
999 846 999 1
