0 0 110 1
1 0 94 0
2 1 22 0
3 1 18 0
4 1 82 0
5 1 82 0
6 3 101 0
7 3 217 1
8 3 181 1
9 3 37 0
10 4 150 1
11 4 104 1
12 5 63 0
13 8 139 1
14 8 186 1
15 9 115 1
16 10 80 0
17 10 91 0
18 12 129 1
19 13 391 1
20 14 70 0
21 15 100 0
22 15 169 1
23 15 29 0
24 16 115 0
25 17 122 1
26 17 34 0
27 17 109 0
28 18 170 1
29 18 30 0
30 18 195 1
31 20 281 1
32 21 427 1
33 23 58 0
34 23 202 1
35 24 145 1
36 24 185 1
37 24 344 1
38 24 94 0
39 25 143 1
40 25 137 1
41 26 65 0
42 27 180 1
43 27 283 1
44 28 136 1
45 28 342 1
46 29 116 0
47 31 100 0
48 32 214 1
49 32 96 0
50 34 252 1
51 35 214 1
52 36 156 1
53 37 97 0
54 38 202 1
55 38 124 0
56 39 314 1
57 39 174 1
58 40 359 1
59 41 257 1
60 41 311 1
61 41 205 1
62 42 173 1
63 43 268 1
64 43 258 1
65 44 193 1
66 44 212 1
67 45 267 1
68 46 162 1
69 46 140 0
70 46 152 1
71 50 183 1
72 51 154 1
73 51 141 0
74 52 210 1
75 52 112 0
76 52 274 1
77 52 172 1
78 52 235 1
79 53 89 0
80 53 216 1
81 54 162 1
82 55 283 1
83 55 157 1
84 55 170 1
85 56 474 1
86 56 229 1
87 57 153 0
88 59 123 0
89 59 155 0
90 60 135 0
91 61 130 0
92 61 198 1
93 61 143 0
94 61 77 0
95 62 139 0
96 62 294 1
97 62 236 1
98 62 296 1
99 63 152 0
100 63 197 1
101 63 174 1
102 64 112 0
103 64 168 1
104 66 181 1
105 66 79 0
106 67 204 1
107 67 246 1
108 68 119 0
109 68 96 0
110 69 181 1
111 70 131 0
112 70 154 0
113 70 167 0
114 72 135 0
115 72 183 1
116 73 479 1
117 73 328 1
118 74 289 1
119 75 151 0
120 76 191 1
121 77 152 0
122 80 84 0
123 80 161 0
124 80 234 1
125 80 306 1
126 80 174 0
127 80 236 1
128 81 259 1
129 81 172 0
130 81 189 1
131 81 296 1
132 81 94 0
133 81 274 1
134 82 153 0
135 83 198 1
136 85 210 1
137 85 355 1
138 85 151 0
139 86 227 1
140 86 185 0
141 86 326 1
142 86 191 1
143 86 148 0
144 86 282 1
145 87 95 0
146 87 172 0
147 87 153 0
148 87 215 1
149 87 203 1
150 88 120 0
151 89 312 1
152 89 175 0
153 89 167 0
154 89 278 1
155 90 261 1
156 90 170 0
157 91 175 0
158 91 164 0
159 91 96 0
160 92 247 1
161 93 164 0
162 93 176 0
163 93 207 1
164 94 261 1
165 95 221 1
166 95 245 1
167 95 292 1
168 96 173 0
169 97 244 1
170 97 314 1
171 97 503 1
172 98 297 1
173 99 131 0
174 99 390 1
175 100 305 1
176 100 212 1
177 101 123 0
178 101 121 0
179 101 168 0
180 101 167 0
181 101 398 1
182 103 270 1
183 103 427 1
184 103 224 1
185 104 218 1
186 105 190 0
187 106 187 0
188 107 122 0
189 107 391 1
190 107 405 1
191 108 180 0
192 108 230 1
193 109 494 1
194 109 149 0
195 110 254 1
196 111 208 0
197 111 276 1
198 113 121 0
199 113 264 1
200 113 227 1
201 113 343 1
202 114 304 1
203 114 402 1
204 114 204 0
205 114 258 1
206 114 258 1
207 115 355 1
208 116 177 0
209 117 335 1
210 117 182 0
211 118 266 1
212 118 460 1
213 118 200 0
214 118 188 0
215 118 305 1
216 119 183 0
217 119 509 1
218 119 211 0
219 119 290 1
220 120 205 0
221 120 207 0
222 120 153 0
223 120 226 1
224 120 388 1
225 120 194 0
226 121 259 1
227 121 296 1
228 121 353 1
229 121 262 1
230 121 224 1
231 121 252 1
232 121 281 1
233 122 276 1
234 122 184 0
235 123 181 0
236 123 196 0
237 123 235 1
238 124 142 0
239 124 268 1
240 124 125 0
241 124 251 1
242 124 335 1
243 124 237 1
244 125 215 0
245 125 200 0
246 125 237 1
247 125 271 1
248 125 313 1
249 125 367 1
250 125 227 1
251 125 340 1
252 125 427 1
253 126 168 0
254 126 239 1
255 126 266 1
256 126 224 0
257 126 234 1
258 126 242 1
259 126 591 1
260 126 357 1
261 126 223 0
262 127 419 1
263 127 160 0
264 127 128 0
265 127 265 1
266 127 432 1
267 127 410 1
268 128 218 0
269 128 287 1
270 128 200 0
271 128 222 0
272 128 321 1
273 128 283 1
274 128 204 0
275 129 177 0
276 130 344 1
277 130 219 0
278 130 269 1
279 130 332 1
280 130 387 1
281 130 234 1
282 130 250 1
283 130 242 1
284 130 335 1
285 130 313 1
286 130 357 1
287 131 236 1
288 131 341 1
289 131 393 1
290 131 370 1
291 131 245 1
292 132 151 0
293 132 150 0
294 132 320 1
295 133 233 1
296 133 369 1
297 133 261 1
298 133 262 1
299 133 253 1
300 133 281 1
301 133 222 0
302 133 274 1
303 133 227 0
304 133 305 1
305 134 151 0
306 134 240 1
307 134 402 1
308 134 265 1
309 134 296 1
310 135 360 1
311 135 250 1
312 135 155 0
313 135 335 1
314 135 350 1
315 135 310 1
316 135 307 1
317 135 415 1
318 135 148 0
319 135 139 0
320 135 243 1
321 135 171 0
322 135 275 1
323 135 319 1
324 135 248 1
325 135 298 1
326 136 143 0
327 136 234 0
328 136 278 1
329 136 217 0
330 136 266 1
331 136 521 1
332 136 226 0
333 136 197 0
334 136 254 1
335 136 420 1
336 137 185 0
337 137 300 1
338 137 179 0
339 137 324 1
340 137 368 1
341 137 288 1
342 137 156 0
343 137 523 1
344 137 354 1
345 137 210 0
346 137 331 1
347 137 242 1
348 137 159 0
349 138 368 1
350 138 208 0
351 138 217 0
352 138 170 0
353 138 185 0
354 138 141 0
355 138 286 1
356 138 378 1
357 138 461 1
358 138 262 1
359 138 182 0
360 138 261 1
361 139 218 0
362 139 254 1
363 139 142 0
364 139 244 1
365 139 190 0
366 139 284 1
367 139 225 0
368 139 146 0
369 139 144 0
370 139 300 1
371 139 147 0
372 139 204 0
373 140 386 1
374 140 290 1
375 140 255 1
376 140 374 1
377 140 233 0
378 140 235 0
379 141 154 0
380 141 329 1
381 141 194 0
382 141 250 1
383 141 285 1
384 141 260 1
385 141 233 0
386 142 198 0
387 142 319 1
388 143 176 0
389 143 234 0
390 143 208 0
391 143 417 1
392 143 207 0
393 143 178 0
394 143 187 0
395 143 305 1
396 143 167 0
397 143 235 0
398 143 308 1
399 144 322 1
400 144 309 1
401 144 246 1
402 144 211 0
403 144 321 1
404 144 189 0
405 144 189 0
406 145 469 1
407 145 218 0
408 145 310 1
409 146 245 0
410 146 340 1
411 146 327 1
412 147 276 1
413 147 325 1
414 147 171 0
415 147 425 1
416 147 154 0
417 147 370 1
418 147 234 0
419 147 164 0
420 147 277 1
421 148 214 0
422 148 325 1
423 148 375 1
424 148 523 1
425 148 412 1
426 148 353 1
427 148 149 0
428 148 438 1
429 148 437 1
430 148 489 1
431 148 209 0
432 149 249 1
433 149 342 1
434 149 417 1
435 149 270 1
436 149 429 1
437 149 334 1
438 150 244 0
439 150 282 1
440 150 164 0
441 150 477 1
442 151 325 1
443 151 472 1
444 151 353 1
445 151 349 1
446 151 244 0
447 151 328 1
448 151 241 0
449 151 287 1
450 151 163 0
451 152 468 1
452 152 310 1
453 152 298 1
454 152 265 1
455 152 249 0
456 153 165 0
457 153 374 1
458 153 567 1
459 153 481 1
460 153 365 1
461 153 285 1
462 153 264 1
463 153 313 1
464 154 221 0
465 154 437 1
466 154 377 1
467 154 279 1
468 154 212 0
469 155 307 1
470 155 221 0
471 155 324 1
472 155 235 0
473 155 285 1
474 155 575 1
475 155 268 1
476 156 175 0
477 156 240 0
478 156 255 0
479 156 248 0
480 156 286 1
481 156 389 1
482 156 336 1
483 156 299 1
484 156 361 1
485 156 429 1
486 156 274 1
487 156 162 0
488 156 222 0
489 156 569 1
490 157 297 1
491 157 234 0
492 157 297 1
493 157 457 1
494 157 176 0
495 157 474 1
496 158 368 1
497 158 327 1
498 158 404 1
499 158 223 0
500 158 162 0
501 158 273 1
502 158 338 1
503 158 532 1
504 158 324 1
505 159 237 0
506 159 305 1
507 159 285 1
508 159 313 1
509 159 355 1
510 159 318 1
511 159 200 0
512 159 288 1
513 159 291 1
514 160 244 0
515 160 458 1
516 160 272 1
517 160 243 0
518 160 238 0
519 160 257 0
520 160 241 0
521 160 309 1
522 160 297 1
523 160 444 1
524 160 330 1
525 160 329 1
526 161 299 1
527 161 234 0
528 162 511 1
529 162 461 1
530 162 183 0
531 162 317 1
532 162 245 0
533 162 325 1
534 163 298 1
535 163 262 0
536 163 265 1
537 163 263 1
538 164 407 1
539 164 383 1
540 164 172 0
541 165 480 1
542 165 207 0
543 165 265 1
544 165 506 1
545 166 405 1
546 166 415 1
547 166 373 1
548 166 254 0
549 166 204 0
550 166 236 0
551 166 370 1
552 166 446 1
553 167 240 0
554 167 285 1
555 167 227 0
556 167 393 1
557 167 309 1
558 167 287 1
559 167 239 0
560 167 230 0
561 167 420 1
562 167 358 1
563 168 443 1
564 168 401 1
565 168 332 1
566 168 299 1
567 169 261 0
568 169 320 1
569 169 562 1
570 169 244 0
571 169 265 0
572 169 394 1
573 170 291 1
574 170 200 0
575 170 420 1
576 170 323 1
577 170 346 1
578 171 466 1
579 171 448 1
580 171 515 1
581 171 232 0
582 171 326 1
583 171 393 1
584 171 256 0
585 172 420 1
586 172 426 1
587 172 278 1
588 172 239 0
589 172 256 0
590 172 342 1
591 172 249 0
592 173 313 1
593 173 281 1
594 173 295 1
595 173 295 1
596 173 317 1
597 173 274 1
598 173 309 1
599 173 391 1
600 173 319 1
601 173 279 1
602 173 193 0
603 174 387 1
604 174 466 1
605 174 462 1
606 174 231 0
607 174 437 1
608 174 175 0
609 174 416 1
610 174 396 1
611 174 224 0
612 174 233 0
613 174 275 1
614 174 190 0
615 175 208 0
616 175 311 1
617 175 577 1
618 175 216 0
619 175 376 1
620 176 320 1
621 176 274 0
622 176 290 1
623 176 270 0
624 177 365 1
625 177 521 1
626 178 359 1
627 178 275 0
628 178 265 0
629 178 252 0
630 178 255 0
631 178 299 1
632 178 319 1
633 178 357 1
634 179 207 0
635 179 255 0
636 179 181 0
637 179 275 0
638 179 185 0
639 179 312 1
640 180 426 1
641 181 219 0
642 181 261 0
643 181 330 1
644 181 392 1
645 181 277 0
646 182 291 1
647 183 359 1
648 183 588 1
649 183 344 1
650 183 422 1
651 184 496 1
652 184 465 1
653 184 422 1
654 185 434 1
655 185 195 0
656 186 348 1
657 186 403 1
658 186 204 0
659 187 307 1
660 187 557 1
661 187 495 1
662 187 296 1
663 187 194 0
664 188 394 1
665 189 418 1
666 189 285 0
667 189 219 0
668 190 370 1
669 190 328 1
670 190 260 0
671 191 397 1
672 191 237 0
673 193 370 1
674 193 244 0
675 194 261 0
676 194 246 0
677 194 439 1
678 195 581 1
679 195 272 0
680 196 345 1
681 196 252 0
682 196 224 0
683 196 273 0
684 196 309 1
685 196 391 1
686 197 244 0
687 197 270 0
688 197 320 1
689 197 371 1
690 198 242 0
691 198 280 0
692 199 324 1
693 199 337 1
694 199 275 0
695 199 358 1
696 200 363 1
697 200 319 1
698 200 262 0
699 201 461 1
700 201 324 1
701 203 352 1
702 203 291 0
703 203 322 1
704 204 320 1
705 204 407 1
706 204 293 0
707 204 278 0
708 205 296 0
709 205 383 1
710 205 436 1
711 205 352 1
712 205 283 0
713 206 253 0
714 206 281 0
715 207 381 1
716 207 347 1
717 207 245 0
718 207 319 1
719 207 373 1
720 207 473 1
721 208 211 0
722 208 306 0
723 208 505 1
724 208 264 0
725 208 380 1
726 208 325 1
727 208 520 1
728 209 569 1
729 209 336 1
730 209 292 0
731 209 379 1
732 210 363 1
733 210 434 1
734 211 348 1
735 211 397 1
736 212 294 0
737 212 399 1
738 212 310 0
739 213 244 0
740 213 274 0
741 213 310 0
742 213 344 1
743 213 437 1
744 214 294 0
745 215 412 1
746 216 431 1
747 216 466 1
748 216 250 0
749 216 431 1
750 217 451 1
751 218 234 0
752 219 380 1
753 219 374 1
754 219 350 1
755 219 380 1
756 220 396 1
757 220 226 0
758 220 309 0
759 220 377 1
760 220 427 1
761 221 418 1
762 221 485 1
763 221 358 1
764 222 333 1
765 222 604 1
766 223 348 1
767 223 473 1
768 223 246 0
769 223 334 1
770 224 407 1
771 224 269 0
772 225 353 1
773 225 286 0
774 225 380 1
775 225 480 1
776 225 328 1
777 226 457 1
778 226 383 1
779 226 385 1
780 226 293 0
781 227 418 1
782 227 276 0
783 228 602 1
784 228 422 1
785 228 377 1
786 231 348 1
787 231 334 1
788 232 377 1
789 232 460 1
790 233 404 1
791 233 258 0
792 234 263 0
793 234 365 1
794 234 387 1
795 234 250 0
796 234 393 1
797 235 393 1
798 235 644 1
799 235 409 1
800 236 373 1
801 237 309 0
802 237 363 1
803 237 421 1
804 238 440 1
805 238 531 1
806 238 510 1
807 239 321 0
808 239 572 1
809 239 295 0
810 240 414 1
811 240 328 0
812 240 283 0
813 241 332 0
814 242 291 0
815 244 476 1
816 245 346 1
817 246 407 1
818 246 339 0
819 247 453 1
820 250 299 0
821 251 386 1
822 252 296 0
823 252 453 1
824 252 336 0
825 252 256 0
826 253 270 0
827 255 367 1
828 256 287 0
829 256 432 1
830 256 433 1
831 256 403 1
832 257 322 0
833 259 301 0
834 259 428 1
835 260 475 1
836 261 349 0
837 262 326 0
838 263 393 1
839 266 298 0
840 268 349 0
841 269 409 1
842 269 458 1
843 270 382 1
844 271 300 0
845 272 286 0
846 274 433 1
847 274 357 0
848 277 361 0
849 277 282 0
850 278 360 0
851 279 306 0
852 280 348 0
853 280 440 1
854 284 404 1
855 286 514 1
856 287 384 0
857 288 360 0
858 288 491 1
859 289 443 1
860 289 428 1
861 290 396 1
862 291 367 0
863 291 418 1
864 291 356 0
865 297 474 1
866 299 514 1
867 299 470 1
868 302 526 1
869 304 466 1
870 304 387 0
871 305 454 1
872 308 348 0
873 309 364 0
874 315 537 1
875 316 479 1
876 321 580 1
877 327 360 0
878 331 392 0
879 344 563 1
880 347 518 1
881 348 485 1
882 348 480 1
883 349 638 1
884 351 608 1
885 352 546 1
886 355 377 0
887 358 500 1
888 360 451 0
889 361 481 1
890 362 558 1
891 363 608 1
892 363 783 1
893 365 539 1
894 365 409 0
895 365 557 1
896 366 513 1
897 366 424 0
898 367 403 0
899 368 518 1
900 369 398 0
901 370 536 1
902 371 505 1
903 374 578 1
904 374 512 1
905 374 523 1
906 375 513 1
907 375 436 0
908 376 597 1
909 377 471 0
910 377 473 0
911 378 575 1
912 380 433 0
913 380 452 0
914 380 474 0
915 382 442 0
916 382 431 0
917 383 600 1
918 383 602 1
919 386 545 1
920 386 498 1
921 386 582 1
922 387 593 1
923 388 492 1
924 391 630 1
925 393 607 1
926 396 516 1
927 396 571 1
928 396 432 0
929 397 607 1
930 397 532 1
931 397 486 0
932 398 602 1
933 399 498 0
934 402 554 1
935 405 552 1
936 405 729 1
937 406 578 1
938 406 609 1
939 407 481 0
940 407 620 1
941 408 506 0
942 409 509 1
943 410 475 0
944 410 453 0
945 415 503 0
946 429 573 1
947 436 694 1
948 439 507 0
949 443 463 0
950 453 524 0
951 458 496 0
952 464 547 0
953 465 633 1
954 467 481 0
955 471 533 0
956 484 635 1
957 488 530 0
958 491 645 1
959 494 563 0
960 495 506 0
961 497 612 1
962 497 647 1
963 503 664 1
964 517 636 1
965 524 649 1
966 541 736 1
967 543 775 1
968 547 855 1
969 560 643 0
970 565 636 0
971 571 675 1
972 573 743 1
973 575 677 1
974 577 725 1
975 579 721 1
976 581 801 1
977 582 714 1
978 583 586 0
979 585 933 1
980 586 756 1
981 594 869 1
982 595 739 1
983 596 719 1
984 598 729 1
985 598 784 1
986 601 738 1
987 606 681 0
988 611 646 0
989 613 757 1
990 617 715 0
991 624 828 1
992 638 812 1
993 639 654 0
994 645 757 1
995 654 803 1
996 701 777 0
997 759 803 0
998 807 991 1
999 855 963 1
