0 0 1608 2
1 0 73 0
2 0 74 0
3 2 2336 2
4 3 91 0
5 3 69 0
6 4 24 0
7 4 403 1
8 4 2610 2
9 5 2796 2
10 6 2045 2
11 6 174 1
12 6 68 0
13 7 177 1
14 8 420 1
15 8 2678 2
16 8 111 1
17 9 188 1
18 10 144 1
19 10 88 0
20 11 295 1
21 11 72 0
22 12 316 1
23 13 175 1
24 14 169 1
25 14 64 0
26 15 307 1
27 15 156 1
28 16 77 0
29 16 1463 2
30 16 235 1
31 17 221 1
32 18 309 1
33 19 92 0
34 19 241 1
35 19 107 0
36 19 107 0
37 19 172 1
38 20 186 1
39 20 2823 2
40 24 227 1
41 25 219 1
42 27 273 1
43 27 2039 2
44 30 226 1
45 31 168 1
46 31 425 1
47 33 223 1
48 34 210 1
49 34 231 1
50 34 260 1
51 35 162 1
52 35 2367 2
53 35 327 1
54 35 241 1
55 37 357 1
56 38 191 1
57 38 144 1
58 38 109 0
59 38 335 1
60 39 331 1
61 39 2237 2
62 40 195 1
63 40 455 1
64 41 91 0
65 43 213 1
66 44 277 1
67 44 131 0
68 45 208 1
69 45 131 0
70 47 59 0
71 47 213 1
72 48 260 1
73 48 310 1
74 48 309 1
75 49 64 0
76 49 262 1
77 49 144 0
78 50 52 0
79 51 153 1
80 53 166 1
81 54 1530 2
82 57 153 0
83 57 137 0
84 58 442 1
85 58 145 0
86 58 156 0
87 59 174 1
88 59 2391 2
89 59 331 1
90 60 66 0
91 61 292 1
92 61 153 0
93 61 269 1
94 62 127 0
95 63 286 1
96 64 180 1
97 65 154 0
98 66 232 1
99 66 322 1
100 67 145 0
101 67 247 1
102 68 224 1
103 69 221 1
104 69 302 1
105 70 444 1
106 71 264 1
107 71 2262 2
108 72 94 0
109 73 435 1
110 73 96 0
111 73 454 1
112 74 481 1
113 74 186 1
114 74 149 0
115 75 448 1
116 75 1881 2
117 76 375 1
118 76 96 0
119 76 449 1
120 77 292 1
121 77 205 1
122 77 1619 2
123 77 236 1
124 78 334 1
125 78 162 0
126 79 145 0
127 81 500 1
128 82 188 1
129 82 271 1
130 83 354 1
131 83 500 1
132 83 2872 2
133 83 187 1
134 83 189 1
135 84 180 0
136 84 262 1
137 84 471 1
138 84 158 0
139 84 293 1
140 85 306 1
141 87 346 1
142 88 187 0
143 88 294 1
144 88 162 0
145 89 174 0
146 89 115 0
147 89 208 1
148 90 254 1
149 90 363 1
150 90 2360 2
151 91 153 0
152 92 232 1
153 92 1788 2
154 93 197 1
155 94 498 1
156 94 449 1
157 95 165 0
158 95 192 0
159 95 216 1
160 95 281 1
161 96 497 1
162 96 190 0
163 96 238 1
164 96 159 0
165 97 221 1
166 97 392 1
167 97 2581 2
168 97 191 0
169 98 136 0
170 99 153 0
171 99 180 0
172 100 107 0
173 100 259 1
174 100 395 1
175 100 490 1
176 100 1636 2
177 103 182 0
178 103 223 1
179 104 385 1
180 104 217 1
181 104 457 1
182 105 144 0
183 105 278 1
184 105 250 1
185 105 1615 2
186 106 343 1
187 106 205 0
188 107 182 0
189 108 158 0
190 108 496 1
191 108 2025 2
192 108 195 0
193 110 2713 2
194 110 253 1
195 111 322 1
196 111 267 1
197 111 2382 2
198 112 255 1
199 112 201 0
200 112 2075 2
201 112 173 0
202 113 474 1
203 113 237 1
204 114 238 1
205 115 317 1
206 115 201 0
207 115 456 1
208 115 334 1
209 116 195 0
210 116 1849 2
211 117 119 0
212 117 2013 2
213 117 338 1
214 118 243 1
215 118 380 1
216 118 1490 2
217 118 375 1
218 118 268 1
219 119 396 1
220 120 310 1
221 120 292 1
222 120 201 0
223 120 289 1
224 120 508 1
225 120 364 1
226 120 169 0
227 120 352 1
228 121 189 0
229 121 394 1
230 121 1721 2
231 121 308 1
232 121 173 0
233 121 516 1
234 121 513 1
235 122 199 0
236 122 406 1
237 122 280 1
238 123 260 1
239 123 206 0
240 123 523 1
241 123 493 1
242 123 261 1
243 123 293 1
244 123 188 0
245 123 300 1
246 124 142 0
247 124 372 1
248 124 275 1
249 124 234 1
250 124 272 1
251 124 209 0
252 124 354 1
253 125 265 1
254 125 303 1
255 125 274 1
256 125 283 1
257 125 2763 2
258 125 494 1
259 126 336 1
260 126 292 1
261 126 297 1
262 126 369 1
263 126 184 0
264 127 546 1
265 127 396 1
266 127 209 0
267 127 521 1
268 127 353 1
269 127 328 1
270 127 129 0
271 127 499 1
272 127 204 0
273 127 281 1
274 128 221 0
275 128 765 2
276 128 234 1
277 128 395 1
278 128 333 1
279 128 218 0
280 129 443 1
281 129 237 1
282 129 218 0
283 129 378 1
284 129 188 0
285 129 219 0
286 129 492 1
287 129 280 1
288 129 273 1
289 129 317 1
290 129 354 1
291 129 284 1
292 129 1652 2
293 129 2555 2
294 129 2657 2
295 130 139 0
296 130 494 1
297 130 418 1
298 130 159 0
299 130 260 1
300 130 361 1
301 130 245 1
302 131 267 1
303 131 314 1
304 131 238 1
305 131 410 1
306 131 275 1
307 131 162 0
308 131 238 1
309 132 224 0
310 132 203 0
311 133 473 1
312 133 511 1
313 133 2845 2
314 133 234 1
315 133 138 0
316 133 1972 2
317 133 308 1
318 134 208 0
319 134 229 0
320 134 189 0
321 134 232 0
322 134 219 0
323 134 1663 2
324 134 213 0
325 134 1586 2
326 134 242 1
327 135 208 0
328 135 443 1
329 135 204 0
330 135 535 1
331 135 282 1
332 135 371 1
333 135 2769 2
334 135 243 1
335 135 510 1
336 136 523 1
337 136 502 1
338 136 401 1
339 137 382 1
340 137 252 1
341 137 207 0
342 137 330 1
343 137 432 1
344 138 1807 2
345 138 203 0
346 138 217 0
347 138 358 1
348 138 332 1
349 138 211 0
350 139 280 1
351 139 270 1
352 139 1839 2
353 139 261 1
354 139 176 0
355 139 385 1
356 140 416 1
357 140 240 1
358 140 353 1
359 140 309 1
360 140 2147 2
361 140 223 0
362 141 256 1
363 141 239 0
364 141 198 0
365 141 364 1
366 142 557 1
367 142 268 1
368 142 149 0
369 142 482 1
370 142 485 1
371 142 542 1
372 143 257 1
373 143 344 1
374 143 2968 2
375 143 563 1
376 143 406 1
377 143 554 1
378 143 523 1
379 143 3017 2
380 143 261 1
381 143 228 0
382 143 164 0
383 144 324 1
384 144 234 0
385 144 256 1
386 144 209 0
387 144 313 1
388 144 1873 2
389 144 539 1
390 144 354 1
391 145 195 0
392 145 238 0
393 145 334 1
394 145 2738 2
395 145 374 1
396 145 366 1
397 146 2363 2
398 146 365 1
399 146 518 1
400 146 184 0
401 147 415 1
402 147 278 1
403 147 216 0
404 147 211 0
405 147 2454 2
406 147 250 1
407 147 168 0
408 147 243 0
409 147 375 1
410 147 258 1
411 147 213 0
412 148 320 1
413 148 251 1
414 148 2099 2
415 148 453 1
416 148 225 0
417 149 232 0
418 149 213 0
419 149 560 1
420 149 228 0
421 149 2768 2
422 149 228 0
423 149 294 1
424 150 447 1
425 150 205 0
426 150 375 1
427 150 259 1
428 150 238 0
429 150 352 1
430 150 335 1
431 150 324 1
432 150 311 1
433 151 2018 2
434 151 259 1
435 151 266 1
436 151 345 1
437 151 2531 2
438 152 536 1
439 152 539 1
440 152 385 1
441 153 341 1
442 153 219 0
443 153 316 1
444 153 291 1
445 154 3004 2
446 154 252 0
447 154 521 1
448 154 341 1
449 154 261 1
450 154 433 1
451 154 328 1
452 155 386 1
453 155 313 1
454 155 280 1
455 155 384 1
456 155 313 1
457 155 329 1
458 155 244 0
459 155 350 1
460 155 383 1
461 156 268 1
462 156 500 1
463 156 209 0
464 156 460 1
465 156 523 1
466 156 195 0
467 156 307 1
468 157 306 1
469 157 221 0
470 157 2579 2
471 157 224 0
472 157 518 1
473 157 167 0
474 157 421 1
475 157 529 1
476 157 307 1
477 158 425 1
478 158 179 0
479 158 281 1
480 158 306 1
481 158 526 1
482 158 395 1
483 158 170 0
484 158 284 1
485 158 2336 2
486 158 301 1
487 159 352 1
488 159 287 1
489 159 2201 2
490 159 326 1
491 159 242 0
492 159 231 0
493 159 2006 2
494 159 264 1
495 159 326 1
496 159 2827 2
497 159 268 1
498 160 2830 2
499 160 287 1
500 160 552 1
501 160 351 1
502 160 352 1
503 160 2512 2
504 160 324 1
505 160 298 1
506 160 224 0
507 160 237 0
508 160 451 1
509 161 1631 2
510 161 235 0
511 161 295 1
512 161 237 0
513 161 486 1
514 161 202 0
515 161 229 0
516 161 576 1
517 161 255 0
518 162 2038 2
519 162 324 1
520 162 200 0
521 162 526 1
522 162 488 1
523 162 1686 2
524 162 263 1
525 162 519 1
526 163 259 0
527 163 3024 2
528 163 387 1
529 163 231 0
530 163 482 1
531 163 334 1
532 164 285 1
533 164 1939 2
534 164 181 0
535 164 242 0
536 164 375 1
537 164 266 1
538 164 423 1
539 164 1842 2
540 165 238 0
541 165 381 1
542 165 251 0
543 165 266 1
544 166 264 0
545 166 464 1
546 166 387 1
547 166 200 0
548 166 1684 2
549 166 250 0
550 166 432 1
551 166 197 0
552 166 205 0
553 166 482 1
554 167 262 0
555 167 260 0
556 167 2253 2
557 167 440 1
558 167 571 1
559 167 2182 2
560 168 217 0
561 168 287 1
562 168 260 0
563 168 176 0
564 168 2727 2
565 168 313 1
566 168 263 0
567 168 413 1
568 168 233 0
569 169 257 0
570 169 549 1
571 169 567 1
572 169 402 1
573 169 297 1
574 169 372 1
575 170 190 0
576 170 290 1
577 170 570 1
578 170 309 1
579 170 301 1
580 171 322 1
581 171 585 1
582 171 500 1
583 171 321 1
584 171 190 0
585 171 469 1
586 171 454 1
587 172 344 1
588 172 2790 2
589 172 303 1
590 172 2541 2
591 172 262 0
592 172 262 0
593 172 244 0
594 172 279 1
595 173 258 0
596 173 250 0
597 173 414 1
598 173 238 0
599 173 287 1
600 173 375 1
601 173 296 1
602 173 243 0
603 173 395 1
604 174 176 0
605 174 292 1
606 174 257 0
607 174 314 1
608 174 523 1
609 175 2240 2
610 175 293 1
611 175 454 1
612 175 262 0
613 175 220 0
614 175 505 1
615 175 293 1
616 176 360 1
617 176 475 1
618 176 2290 2
619 176 357 1
620 176 497 1
621 176 282 1
622 177 345 1
623 177 535 1
624 177 301 1
625 177 349 1
626 177 304 1
627 178 255 0
628 178 388 1
629 178 2682 2
630 178 253 0
631 178 249 0
632 178 549 1
633 179 547 1
634 179 312 1
635 179 558 1
636 179 195 0
637 179 318 1
638 179 2328 2
639 179 2157 2
640 180 477 1
641 180 384 1
642 180 229 0
643 181 253 0
644 181 348 1
645 181 1860 2
646 181 257 0
647 181 398 1
648 182 240 0
649 182 272 0
650 183 390 1
651 183 461 1
652 184 512 1
653 185 226 0
654 186 196 0
655 186 507 1
656 187 298 1
657 187 267 0
658 188 268 0
659 188 581 1
660 188 409 1
661 188 325 1
662 189 291 1
663 189 605 1
664 190 235 0
665 190 2693 2
666 191 388 1
667 191 451 1
668 191 329 1
669 192 279 0
670 193 206 0
671 193 1164 2
672 193 233 0
673 195 384 1
674 195 308 1
675 195 258 0
676 196 289 0
677 196 359 1
678 196 384 1
679 197 518 1
680 198 358 1
681 198 482 1
682 198 321 1
683 198 428 1
684 199 1925 2
685 199 526 1
686 199 1871 2
687 199 1849 2
688 199 298 0
689 199 266 0
690 200 279 0
691 200 612 1
692 201 412 1
693 201 277 0
694 201 2742 2
695 202 278 0
696 203 282 0
697 203 417 1
698 203 609 1
699 203 336 1
700 203 303 1
701 203 232 0
702 204 328 1
703 204 379 1
704 204 2627 2
705 205 1896 2
706 205 552 1
707 205 591 1
708 205 401 1
709 206 279 0
710 206 342 1
711 206 221 0
712 206 465 1
713 206 318 1
714 207 332 1
715 207 299 0
716 207 550 1
717 208 569 1
718 209 365 1
719 209 337 1
720 209 388 1
721 210 214 0
722 210 1701 2
723 210 334 1
724 210 261 0
725 211 622 1
726 211 338 1
727 211 402 1
728 212 300 0
729 212 483 1
730 212 2091 2
731 213 1459 2
732 213 592 1
733 213 276 0
734 213 526 1
735 213 377 1
736 213 344 1
737 214 254 0
738 214 245 0
739 215 286 0
740 215 2539 2
741 215 279 0
742 216 407 1
743 216 411 1
744 216 379 1
745 217 386 1
746 217 2080 2
747 217 581 1
748 217 268 0
749 218 382 1
750 219 2387 2
751 219 361 1
752 220 400 1
753 220 2576 2
754 220 549 1
755 220 312 0
756 220 376 1
757 220 311 0
758 220 421 1
759 220 324 1
760 221 302 0
761 221 388 1
762 221 588 1
763 221 367 1
764 222 585 1
765 222 2031 2
766 222 585 1
767 222 344 1
768 223 386 1
769 223 326 1
770 224 384 1
771 224 440 1
772 225 2109 2
773 225 286 0
774 226 2671 2
775 226 301 0
776 226 310 0
777 226 617 1
778 227 304 0
779 227 363 1
780 227 414 1
781 227 636 1
782 227 403 1
783 228 272 0
784 228 365 1
785 229 284 0
786 230 1850 2
787 230 388 1
788 230 365 1
789 230 3046 2
790 231 295 0
791 231 2025 2
792 231 430 1
793 231 308 0
794 232 285 0
795 232 250 0
796 233 536 1
797 233 285 0
798 234 372 1
799 234 534 1
800 235 419 1
801 235 354 1
802 235 339 1
803 236 615 1
804 236 538 1
805 237 312 0
806 238 273 0
807 239 358 1
808 239 425 1
809 239 644 1
810 241 295 0
811 242 373 1
812 242 616 1
813 242 315 0
814 243 333 0
815 246 376 1
816 246 621 1
817 247 280 0
818 248 473 1
819 248 470 1
820 248 255 0
821 248 372 1
822 248 2317 2
823 249 373 1
824 252 648 1
825 252 639 1
826 253 310 0
827 254 349 0
828 255 429 1
829 255 454 1
830 255 328 0
831 256 280 0
832 259 428 1
833 259 435 1
834 261 1908 2
835 265 285 0
836 267 1424 2
837 268 2672 2
838 269 1844 2
839 270 347 0
840 271 323 0
841 273 340 0
842 273 375 1
843 275 418 1
844 276 440 1
845 277 660 1
846 277 336 0
847 278 351 0
848 278 389 1
849 280 406 1
850 280 667 1
851 282 449 1
852 283 394 1
853 284 689 1
854 284 546 1
855 285 623 1
856 286 488 1
857 286 397 1
858 288 379 0
859 289 384 0
860 289 656 1
861 290 871 2
862 295 357 0
863 295 552 1
864 297 2836 2
865 297 715 1
866 298 680 1
867 298 300 0
868 300 376 0
869 302 414 1
870 303 556 1
871 303 443 1
872 312 380 0
873 313 613 1
874 319 372 0
875 325 687 1
876 326 3133 2
877 326 635 1
878 329 566 1
879 331 560 1
880 335 437 1
881 338 594 1
882 339 450 1
883 342 437 0
884 353 545 1
885 354 753 1
886 358 443 0
887 359 685 1
888 360 494 1
889 360 483 1
890 362 476 1
891 364 510 1
892 364 762 1
893 365 376 0
894 366 2638 2
895 367 471 1
896 367 667 1
897 368 383 0
898 368 2954 2
899 375 601 1
900 375 453 0
901 376 487 1
902 376 569 1
903 376 546 1
904 377 754 1
905 379 506 1
906 379 768 1
907 380 404 0
908 382 509 1
909 382 471 0
910 382 742 1
911 382 388 0
912 383 539 1
913 383 585 1
914 383 795 1
915 386 521 1
916 386 490 1
917 387 394 0
918 387 435 0
919 388 2853 2
920 390 800 1
921 390 594 1
922 392 484 0
923 393 469 0
924 393 460 0
925 394 490 0
926 396 669 1
927 397 490 0
928 397 3154 2
929 398 513 1
930 399 650 1
931 400 2646 2
932 401 581 1
933 403 553 1
934 404 405 0
935 407 2367 2
936 408 473 0
937 409 600 1
938 410 595 1
939 410 736 1
940 411 510 0
941 413 479 0
942 413 2448 2
943 415 489 0
944 417 595 1
945 419 726 1
946 421 664 1
947 422 643 1
948 425 2229 2
949 425 604 1
950 428 658 1
951 439 585 1
952 444 841 1
953 451 635 1
954 464 475 0
955 465 720 1
956 488 864 1
957 489 509 0
958 493 609 1
959 495 791 1
960 506 600 0
961 507 532 0
962 511 881 1
963 518 668 1
964 524 846 1
965 534 3224 2
966 541 954 1
967 543 653 1
968 545 720 1
969 546 3380 2
970 555 746 1
971 560 578 0
972 560 2844 2
973 560 2700 2
974 565 662 0
975 566 665 0
976 568 782 1
977 571 705 1
978 571 743 1
979 577 691 1
980 579 687 1
981 580 983 1
982 586 963 1
983 588 680 0
984 593 965 1
985 596 768 1
986 606 693 0
987 607 752 1
988 610 722 1
989 612 688 0
990 614 898 1
991 619 713 0
992 631 2767 2
993 637 761 1
994 640 907 1
995 644 961 1
996 694 751 0
997 722 859 1
998 831 1037 1
999 877 977 1
