0 0 1094 2
1 0 163 1
2 2 356 1
3 5 138 1
4 5 45 0
5 6 220 1
6 6 386 1
7 6 284 1
8 7 124 1
9 8 269 1
10 9 411 1
11 9 248 1
12 9 243 1
13 11 176 1
14 13 242 1
15 13 317 1
16 13 53 0
17 14 124 1
18 14 370 1
19 16 192 1
20 17 194 1
21 17 30 0
22 18 153 1
23 19 34 0
24 19 140 1
25 20 203 1
26 20 118 0
27 23 391 1
28 23 144 1
29 24 215 1
30 26 165 1
31 26 248 1
32 27 211 1
33 27 181 1
34 27 446 1
35 28 120 0
36 28 311 1
37 28 97 0
38 28 110 0
39 29 216 1
40 32 315 1
41 32 104 0
42 33 258 1
43 34 412 1
44 36 420 1
45 38 321 1
46 38 179 1
47 38 446 1
48 39 105 0
49 40 227 1
50 40 43 0
51 40 163 1
52 41 147 1
53 41 297 1
54 41 342 1
55 42 119 0
56 42 439 1
57 44 238 1
58 44 115 0
59 44 134 0
60 45 134 0
61 46 189 1
62 46 432 1
63 46 411 1
64 47 160 1
65 47 205 1
66 48 111 0
67 49 293 1
68 50 266 1
69 50 55 0
70 51 168 1
71 51 280 1
72 52 123 0
73 52 205 1
74 52 226 1
75 53 116 0
76 54 363 1
77 55 139 0
78 55 163 1
79 55 164 1
80 55 391 1
81 56 216 1
82 57 393 1
83 57 232 1
84 57 151 0
85 58 341 1
86 58 156 0
87 58 185 1
88 58 268 1
89 59 293 1
90 60 266 1
91 60 178 1
92 60 299 1
93 60 172 1
94 60 102 0
95 61 128 0
96 61 236 1
97 63 132 0
98 63 203 1
99 63 124 0
100 64 179 1
101 65 66 0
102 66 389 1
103 67 344 1
104 67 213 1
105 68 146 0
106 68 258 1
107 68 103 0
108 68 152 0
109 69 185 1
110 69 138 0
111 69 277 1
112 70 151 0
113 70 483 1
114 71 142 0
115 71 231 1
116 71 424 1
117 72 222 1
118 72 331 1
119 73 2134 2
120 73 122 0
121 74 191 1
122 74 148 0
123 74 232 1
124 75 292 1
125 76 248 1
126 76 237 1
127 77 219 1
128 77 301 1
129 78 220 1
130 79 181 1
131 79 202 1
132 79 169 0
133 80 146 0
134 81 156 0
135 81 456 1
136 81 311 1
137 81 150 0
138 82 484 1
139 82 251 1
140 83 187 1
141 83 138 0
142 84 240 1
143 85 137 0
144 85 254 1
145 85 475 1
146 86 229 1
147 86 351 1
148 87 280 1
149 87 210 1
150 87 184 0
151 87 174 0
152 88 182 0
153 89 240 1
154 89 243 1
155 89 187 0
156 90 299 1
157 91 178 0
158 91 484 1
159 91 347 1
160 93 479 1
161 93 200 1
162 93 196 1
163 94 270 1
164 95 352 1
165 96 295 1
166 97 2759 2
167 97 268 1
168 97 399 1
169 98 192 0
170 98 374 1
171 99 164 0
172 99 241 1
173 100 217 1
174 100 265 1
175 100 333 1
176 101 406 1
177 102 272 1
178 102 184 0
179 102 465 1
180 103 188 0
181 103 175 0
182 103 198 0
183 103 138 0
184 104 168 0
185 105 199 0
186 105 278 1
187 107 508 1
188 107 188 0
189 107 379 1
190 107 177 0
191 108 214 1
192 109 128 0
193 109 232 1
194 110 1894 2
195 110 511 1
196 110 416 1
197 112 231 1
198 112 236 1
199 113 266 1
200 113 205 0
201 114 505 1
202 114 282 1
203 114 292 1
204 115 166 0
205 115 229 1
206 115 240 1
207 115 202 0
208 115 319 1
209 115 176 0
210 116 182 0
211 116 198 0
212 117 163 0
213 117 361 1
214 118 191 0
215 118 212 0
216 119 242 1
217 119 444 1
218 119 365 1
219 119 283 1
220 120 164 0
221 120 191 0
222 120 232 1
223 121 358 1
224 121 392 1
225 121 233 1
226 121 146 0
227 121 321 1
228 121 276 1
229 122 266 1
230 122 322 1
231 122 315 1
232 122 376 1
233 122 260 1
234 122 284 1
235 122 194 0
236 123 189 0
237 123 196 0
238 123 257 1
239 123 156 0
240 123 418 1
241 123 421 1
242 124 267 1
243 124 190 0
244 124 319 1
245 124 1029 2
246 124 247 1
247 124 423 1
248 124 271 1
249 125 241 1
250 125 193 0
251 125 251 1
252 125 232 1
253 125 164 0
254 125 196 0
255 125 280 1
256 126 283 1
257 126 143 0
258 126 200 0
259 126 257 1
260 126 388 1
261 126 196 0
262 126 367 1
263 127 531 1
264 127 262 1
265 127 342 1
266 127 478 1
267 127 333 1
268 128 318 1
269 128 224 0
270 128 384 1
271 128 235 1
272 129 199 0
273 129 410 1
274 129 535 1
275 129 269 1
276 129 267 1
277 129 201 0
278 129 337 1
279 129 212 0
280 130 211 0
281 130 348 1
282 130 171 0
283 130 170 0
284 130 339 1
285 131 246 1
286 131 417 1
287 131 266 1
288 131 296 1
289 131 350 1
290 131 134 0
291 131 377 1
292 131 391 1
293 131 353 1
294 131 301 1
295 131 363 1
296 132 194 0
297 132 268 1
298 132 304 1
299 132 355 1
300 132 227 0
301 132 369 1
302 132 135 0
303 133 376 1
304 133 528 1
305 133 495 1
306 133 453 1
307 133 225 0
308 133 368 1
309 133 462 1
310 133 280 1
311 133 221 0
312 133 248 1
313 134 196 0
314 134 362 1
315 134 230 0
316 134 315 1
317 134 399 1
318 134 275 1
319 135 226 0
320 135 262 1
321 135 214 0
322 135 345 1
323 135 538 1
324 135 289 1
325 136 297 1
326 136 355 1
327 136 372 1
328 136 278 1
329 137 210 0
330 137 202 0
331 137 325 1
332 137 362 1
333 137 220 0
334 137 216 0
335 137 332 1
336 137 315 1
337 137 505 1
338 138 214 0
339 138 273 1
340 138 322 1
341 138 360 1
342 138 292 1
343 138 459 1
344 138 261 1
345 139 201 0
346 139 245 1
347 139 283 1
348 139 338 1
349 139 425 1
350 139 2014 2
351 139 414 1
352 140 266 1
353 140 531 1
354 140 276 1
355 140 242 1
356 140 238 0
357 140 231 0
358 140 276 1
359 140 288 1
360 140 312 1
361 141 330 1
362 141 190 0
363 141 371 1
364 141 189 0
365 141 546 1
366 141 243 1
367 141 194 0
368 141 269 1
369 142 411 1
370 142 364 1
371 142 242 1
372 143 281 1
373 143 2660 2
374 143 214 0
375 143 2859 2
376 143 450 1
377 143 239 0
378 143 310 1
379 143 316 1
380 143 251 1
381 143 386 1
382 144 310 1
383 144 284 1
384 145 198 0
385 145 376 1
386 145 292 1
387 145 538 1
388 145 421 1
389 146 275 1
390 146 358 1
391 146 405 1
392 146 366 1
393 146 303 1
394 146 445 1
395 146 332 1
396 146 373 1
397 146 265 1
398 146 346 1
399 147 358 1
400 147 257 1
401 147 235 0
402 147 280 1
403 147 248 1
404 147 227 0
405 147 210 0
406 148 204 0
407 148 390 1
408 148 485 1
409 148 222 0
410 148 2736 2
411 148 269 1
412 148 283 1
413 148 348 1
414 149 304 1
415 149 482 1
416 149 162 0
417 149 298 1
418 149 268 1
419 149 538 1
420 149 426 1
421 149 292 1
422 149 548 1
423 149 199 0
424 149 315 1
425 149 285 1
426 150 285 1
427 150 382 1
428 150 168 0
429 150 359 1
430 150 282 1
431 150 437 1
432 150 328 1
433 150 170 0
434 150 156 0
435 150 151 0
436 150 350 1
437 151 217 0
438 151 235 0
439 151 260 1
440 151 245 0
441 151 498 1
442 151 212 0
443 151 407 1
444 152 236 0
445 152 240 0
446 152 181 0
447 152 200 0
448 152 223 0
449 152 328 1
450 152 319 1
451 153 261 1
452 153 221 0
453 153 301 1
454 153 499 1
455 153 373 1
456 153 342 1
457 153 268 1
458 154 570 1
459 154 262 1
460 154 535 1
461 154 544 1
462 154 492 1
463 155 234 0
464 155 497 1
465 155 166 0
466 155 515 1
467 155 380 1
468 156 281 1
469 156 162 0
470 156 205 0
471 156 388 1
472 156 300 1
473 156 167 0
474 156 228 0
475 156 199 0
476 156 298 1
477 156 391 1
478 156 275 1
479 157 237 0
480 157 344 1
481 157 341 1
482 157 230 0
483 157 313 1
484 158 159 0
485 158 432 1
486 158 274 1
487 159 171 0
488 159 233 0
489 159 270 1
490 159 235 0
491 159 409 1
492 159 570 1
493 159 435 1
494 159 337 1
495 160 283 1
496 160 239 0
497 160 244 0
498 160 256 0
499 160 277 1
500 160 280 1
501 160 429 1
502 161 162 0
503 161 228 0
504 162 253 0
505 162 342 1
506 162 399 1
507 162 500 1
508 162 285 1
509 162 364 1
510 163 188 0
511 163 350 1
512 163 197 0
513 163 248 0
514 163 423 1
515 164 287 1
516 164 320 1
517 164 473 1
518 164 490 1
519 164 506 1
520 164 331 1
521 164 257 0
522 164 254 0
523 164 323 1
524 165 292 1
525 165 316 1
526 165 461 1
527 165 294 1
528 165 442 1
529 165 457 1
530 165 241 0
531 166 418 1
532 166 348 1
533 166 309 1
534 166 347 1
535 166 352 1
536 166 424 1
537 166 329 1
538 166 290 1
539 166 398 1
540 167 375 1
541 167 314 1
542 167 235 0
543 167 356 1
544 167 281 1
545 168 383 1
546 168 244 0
547 168 282 1
548 168 329 1
549 168 585 1
550 168 292 1
551 169 551 1
552 169 548 1
553 169 213 0
554 169 244 0
555 169 421 1
556 169 502 1
557 169 202 0
558 169 326 1
559 170 404 1
560 170 253 0
561 170 330 1
562 170 374 1
563 170 260 0
564 170 262 0
565 170 335 1
566 171 545 1
567 171 270 0
568 171 299 1
569 171 303 1
570 171 353 1
571 171 339 1
572 171 373 1
573 171 438 1
574 171 315 1
575 171 209 0
576 171 394 1
577 171 217 0
578 172 394 1
579 172 313 1
580 172 209 0
581 173 398 1
582 173 556 1
583 174 581 1
584 174 252 0
585 174 584 1
586 174 435 1
587 174 237 0
588 174 452 1
589 174 373 1
590 174 234 0
591 174 244 0
592 174 289 1
593 174 408 1
594 174 359 1
595 174 330 1
596 174 182 0
597 174 412 1
598 174 439 1
599 175 371 1
600 175 366 1
601 175 255 0
602 175 323 1
603 175 346 1
604 175 273 0
605 175 291 1
606 176 271 0
607 176 259 0
608 176 464 1
609 176 260 0
610 176 520 1
611 176 178 0
612 176 271 0
613 177 242 0
614 177 220 0
615 177 243 0
616 177 333 1
617 177 353 1
618 177 317 1
619 177 515 1
620 177 247 0
621 177 276 0
622 177 248 0
623 177 232 0
624 177 467 1
625 178 286 1
626 178 398 1
627 178 345 1
628 179 522 1
629 179 357 1
630 179 406 1
631 179 281 1
632 179 356 1
633 179 357 1
634 179 471 1
635 179 384 1
636 179 317 1
637 179 453 1
638 179 307 1
639 179 182 0
640 181 2864 2
641 181 290 1
642 181 353 1
643 182 461 1
644 182 309 1
645 182 238 0
646 182 305 1
647 183 405 1
648 183 339 1
649 183 571 1
650 184 389 1
651 185 308 1
652 185 536 1
653 185 294 1
654 186 241 0
655 186 575 1
656 186 593 1
657 186 344 1
658 187 324 1
659 187 218 0
660 188 338 1
661 188 2982 2
662 189 557 1
663 191 506 1
664 192 2385 2
665 192 334 1
666 193 255 0
667 193 291 0
668 193 415 1
669 193 416 1
670 193 557 1
671 193 591 1
672 193 293 1
673 194 315 1
674 194 330 1
675 194 199 0
676 194 449 1
677 195 280 0
678 196 278 0
679 196 480 1
680 196 426 1
681 197 380 1
682 197 364 1
683 197 367 1
684 197 218 0
685 197 347 1
686 197 386 1
687 197 321 1
688 198 488 1
689 198 354 1
690 198 309 1
691 198 273 0
692 199 458 1
693 200 379 1
694 200 287 0
695 200 284 0
696 201 208 0
697 202 359 1
698 202 431 1
699 203 331 1
700 203 622 1
701 203 367 1
702 203 389 1
703 203 251 0
704 203 212 0
705 203 289 0
706 204 262 0
707 205 319 1
708 205 409 1
709 205 357 1
710 205 335 1
711 205 2148 2
712 205 210 0
713 207 370 1
714 207 348 1
715 208 250 0
716 209 364 1
717 210 274 0
718 210 295 0
719 210 594 1
720 210 463 1
721 211 427 1
722 211 387 1
723 211 300 0
724 211 327 1
725 211 463 1
726 213 217 0
727 213 282 0
728 213 274 0
729 214 346 1
730 214 387 1
731 214 276 0
732 214 290 0
733 214 443 1
734 214 509 1
735 215 2745 2
736 215 378 1
737 215 518 1
738 215 508 1
739 215 300 0
740 216 432 1
741 216 284 0
742 216 325 1
743 216 486 1
744 217 405 1
745 217 287 0
746 218 405 1
747 219 318 0
748 219 400 1
749 219 329 1
750 219 533 1
751 219 395 1
752 219 378 1
753 219 414 1
754 219 513 1
755 220 315 0
756 220 622 1
757 220 431 1
758 221 365 1
759 221 628 1
760 221 473 1
761 222 454 1
762 222 308 0
763 222 223 0
764 222 392 1
765 223 331 1
766 224 331 1
767 225 321 0
768 225 571 1
769 225 333 1
770 226 364 1
771 226 570 1
772 226 380 1
773 227 299 0
774 228 353 1
775 228 538 1
776 229 338 1
777 229 368 1
778 230 332 1
779 230 488 1
780 230 302 0
781 231 505 1
782 232 400 1
783 232 321 0
784 232 325 0
785 232 472 1
786 233 413 1
787 233 413 1
788 233 502 1
789 233 651 1
790 234 318 0
791 234 386 1
792 234 386 1
793 234 241 0
794 234 525 1
795 234 384 1
796 235 364 1
797 235 522 1
798 235 397 1
799 235 549 1
800 236 914 2
801 236 408 1
802 236 524 1
803 237 364 1
804 237 301 0
805 238 255 0
806 239 609 1
807 239 494 1
808 239 414 1
809 239 547 1
810 241 254 0
811 241 307 0
812 242 553 1
813 243 443 1
814 243 436 1
815 244 429 1
816 245 356 1
817 246 380 1
818 248 497 1
819 249 258 0
820 249 448 1
821 250 251 0
822 254 484 1
823 256 422 1
824 257 421 1
825 257 326 0
826 257 536 1
827 260 475 1
828 260 459 1
829 264 402 1
830 264 450 1
831 264 489 1
832 265 558 1
833 267 604 1
834 269 306 0
835 270 644 1
836 270 482 1
837 271 681 1
838 271 374 1
839 272 343 0
840 272 353 0
841 272 373 1
842 273 410 1
843 273 549 1
844 275 466 1
845 277 547 1
846 277 468 1
847 280 390 1
848 280 539 1
849 281 564 1
850 281 378 0
851 284 320 0
852 284 353 0
853 284 425 1
854 284 436 1
855 285 404 1
856 285 293 0
857 287 369 0
858 287 469 1
859 287 292 0
860 292 485 1
861 292 498 1
862 292 342 0
863 293 1900 2
864 294 429 1
865 295 481 1
866 296 356 0
867 296 549 1
868 301 549 1
869 305 714 1
870 305 500 1
871 319 370 0
872 324 497 1
873 325 565 1
874 326 579 1
875 328 654 1
876 330 525 1
877 330 704 1
878 333 554 1
879 333 401 0
880 336 400 0
881 341 555 1
882 342 511 1
883 342 434 0
884 345 428 0
885 346 530 1
886 348 462 1
887 357 477 1
888 361 536 1
889 361 387 0
890 364 648 1
891 367 593 1
892 367 787 1
893 368 778 1
894 372 538 1
895 373 665 1
896 373 585 1
897 374 614 1
898 374 531 1
899 376 573 1
900 376 735 1
901 377 396 0
902 377 446 0
903 380 603 1
904 380 407 0
905 382 465 0
906 382 435 0
907 383 622 1
908 384 622 1
909 385 800 1
910 386 401 0
911 386 614 1
912 388 663 1
913 389 532 1
914 389 486 0
915 390 477 0
916 390 614 1
917 390 474 0
918 392 681 1
919 393 480 0
920 394 2666 2
921 394 513 1
922 397 566 1
923 399 771 1
924 400 715 1
925 401 644 1
926 402 454 0
927 403 406 0
928 403 789 1
929 403 513 1
930 404 442 0
931 405 493 0
932 405 503 0
933 406 755 1
934 407 473 0
935 408 634 1
936 408 567 1
937 408 514 1
938 409 778 1
939 411 853 1
940 412 616 1
941 414 590 1
942 414 719 1
943 418 699 1
944 418 540 1
945 418 547 1
946 426 487 0
947 439 692 1
948 452 864 1
949 456 619 1
950 457 614 1
951 463 574 1
952 469 791 1
953 472 605 1
954 476 583 1
955 479 696 1
956 483 605 1
957 487 764 1
958 488 562 0
959 509 856 1
960 511 632 1
961 512 637 1
962 523 791 1
963 528 679 1
964 534 900 1
965 538 613 0
966 541 793 1
967 543 673 1
968 545 758 1
969 552 772 1
970 558 764 1
971 558 712 1
972 567 949 1
973 567 657 0
974 568 792 1
975 571 746 1
976 575 683 1
977 575 967 1
978 576 768 1
979 579 657 0
980 580 651 0
981 584 882 1
982 590 672 0
983 593 706 1
984 593 663 0
985 597 830 1
986 607 687 0
987 621 816 1
988 624 777 1
989 626 706 0
990 629 961 1
991 633 782 1
992 647 766 1
993 655 738 0
994 658 1021 1
995 659 759 1
996 660 761 1
997 736 927 1
998 817 1045 1
999 874 993 1
