1 0 506 552 34151
2 0 537 589 37335
3 3 508 559 34353
4 3 535 587 37127
5 6 543 596 37964
6 7 515 568 35066
7 8 538 590 37441
8 9 539 597 37545
9 11 541 601 37754
10 12 508 562 34354
11 12 517 580 35269
12 14 527 591 36298
13 14 501 563 33646
14 14 509 568 34455
15 15 530 593 36608
16 15 513 576 34861
17 15 527 593 36298
18 18 504 570 33948
19 18 548 617 38488
20 18 540 604 37650
21 19 506 567 34152
22 22 535 604 37128
23 23 544 615 38068
24 23 527 595 36299
25 26 515 584 35067
26 29 534 611 37024
27 30 501 574 33647
28 30 501 580 33645
29 32 503 580 33848
30 35 537 616 37337
31 35 535 614 37128
32 35 521 604 35680
33 35 546 634 38278
34 36 538 620 37441
35 36 33 76 772
36 36 501 582 33646
37 37 68 116 1764
38 37 531 616 36712
39 38 533 622 36919
40 38 503 584 33848
41 39 8 48 10067
42 39 548 639 38488
43 39 42 88 1020
44 39 31 78 674
45 40 508 596 34353
46 41 39 82 3230
47 41 503 593 33847
48 41 17 60 2710
49 41 135 192 4744
50 42 53 98 2268
51 42 546 634 38279
52 43 25 71 1486
53 43 549 641 38594
54 43 549 642 38594
55 43 141 198 5073
56 43 55 110 1293
57 43 68 121 1782
58 43 255 330 12225
59 44 79 136 2165
60 44 438 527 27504
61 44 31 84 641
62 44 538 630 37440
63 45 78 134 2149
64 45 202 264 8647
65 45 64 111 4036
66 45 185 256 7563
67 45 255 328 12228
68 45 8 54 10067
69 45 18 67 854
70 45 500 590 33545
71 45 541 632 37754
72 45 53 107 1280
73 46 509 603 34455
74 46 8 57 1178
75 46 130 192 4485
76 46 69 122 1923
77 46 96 146 3446
78 46 17 67 835
79 47 178 249 7141
80 47 176 243 7029
81 47 46 104 1018
82 47 89 147 2601
83 47 56 114 1339
84 47 179 242 7223
85 47 53 105 1557
86 47 48 103 1153
87 47 188 257 7753
88 47 140 208 4992
89 48 97 151 3143
90 48 8 57 10067
91 48 39 90 1841
92 48 31 80 10517
93 48 11 64 509
94 48 33 89 724
95 48 547 640 38384
96 48 511 608 34658
97 48 127 194 4321
98 48 123 179 4248
99 48 38 90 1327
100 49 2 52 10008
101 49 108 173 3406
102 49 337 422 18567
103 49 51 106 1370
104 49 206 274 8897
105 49 28 85 600
106 49 66 119 2233
107 49 162 227 6224
108 49 112 170 3679
109 49 103 166 3187
110 49 24 74 10352
111 49 25 82 531
112 49 106 171 3313
113 49 29 84 746
114 49 322 406 17342
115 49 51 101 11092
116 49 223 301 10002
117 49 75 136 2018
118 49 7 57 10055
119 49 36 91 925
120 49 32 87 820
121 49 69 127 1842
122 50 28 81 1555
123 50 427 518 26476
124 50 119 176 4098
125 50 20 74 893
126 50 160 228 6102
127 50 139 203 4967
128 50 43 99 1123
129 50 53 111 1313
130 50 11 62 10109
131 50 177 239 7133
132 50 11 65 734
133 50 197 261 8346
134 50 237 310 10964
135 50 43 98 1245
136 50 38 91 1813
137 50 49 109 1129
138 50 114 172 3807
139 51 94 159 2785
140 51 46 105 1092
141 51 6 60 1155
142 51 160 231 6096
143 51 8 60 10067
144 51 1 56 628
145 51 113 171 3807
146 51 98 162 2969
147 51 148 208 5524
148 51 28 80 10444
149 51 23 76 2830
150 51 15 67 10174
151 51 13 66 2640
152 51 72 134 1915
153 51 8 63 692
154 51 58 116 1529
155 52 32 86 3043
156 52 223 297 10010
157 52 79 134 3217
158 52 75 138 2031
159 52 53 109 1782
160 52 157 229 5926
161 52 118 179 3968
162 52 2 55 10008
163 52 181 255 7325
164 52 145 214 5272
165 52 223 305 10001
166 52 1 57 628
167 52 33 91 846
168 52 65 129 1641
169 52 46 104 1213
170 52 8 66 345
171 52 47 103 1591
172 52 58 124 1376
173 52 185 261 7566
174 52 126 193 4287
175 52 97 162 2925
176 52 29 87 746
177 52 119 180 4017
178 52 211 285 9215
179 52 243 322 11377
180 52 48 109 1121
181 52 306 390 16068
182 52 2 60 286
183 52 87 147 2590
184 52 52 107 2236
185 52 208 278 9030
186 52 74 141 1954
187 52 57 119 1391
188 52 1 54 10003
189 52 225 303 10139
190 52 243 321 11378
191 52 88 147 2680
192 52 18 76 506
193 53 21 75 10288
194 53 22 81 587
195 53 52 112 1329
196 53 65 126 1728
197 53 65 128 1672
198 53 8 63 2567
199 53 39 95 1841
200 53 11 65 10109
201 53 25 79 10375
202 53 220 298 9805
203 53 27 83 1531
204 53 1 56 2503
205 53 46 107 1092
206 53 272 349 13475
207 53 41 100 1065
208 53 7 61 10055
209 53 194 267 8131
210 53 53 112 1435
211 53 79 143 2189
212 53 3 63 219
213 53 367 453 21101
214 53 115 185 3734
215 53 80 141 2302
216 53 7 62 2555
217 53 55 114 1501
218 53 59 123 1442
219 53 94 160 2793
220 53 19 75 1359
221 53 32 96 625
222 53 19 76 873
223 53 111 173 3631
224 53 21 79 688
225 53 68 129 1838
226 53 216 287 9554
227 54 21 81 566
228 54 1 56 10003
229 54 16 71 10192
230 54 62 121 1864
231 54 69 132 1842
232 54 47 102 10966
233 54 85 150 2433
234 54 142 207 5159
235 54 149 221 5487
236 54 84 149 2392
237 54 45 105 1183
238 54 65 133 1623
239 54 114 184 3690
240 54 143 214 5164
241 54 152 217 5704
242 54 231 316 10543
243 54 10 69 494
244 54 105 176 3262
245 54 3 58 10015
246 54 102 166 3190
247 54 47 109 1122
248 54 33 92 968
249 54 47 107 1244
250 54 274 360 13616
251 54 66 127 1812
252 54 42 107 899
253 54 8 68 345
254 54 371 464 21444
255 54 26 87 601
256 54 17 72 10210
257 54 87 152 2517
258 54 43 101 1470
259 54 38 104 772
260 54 31 92 721
261 54 154 227 5760
262 55 87 149 2638
263 55 9 65 10081
264 55 58 123 1425
265 55 42 99 3316
266 55 14 76 361
267 55 142 210 5135
268 55 10 66 10094
269 55 80 151 2185
270 55 73 133 2271
271 55 103 170 3205
272 55 100 168 3059
273 55 307 399 16144
274 55 30 91 770
275 55 1 61 403
276 55 33 97 692
277 55 149 217 5515
278 55 59 119 1759
279 55 40 96 10758
280 55 65 126 1849
281 55 8 68 467
282 55 38 102 826
283 55 33 96 724
284 55 156 227 5884
285 55 331 423 18073
286 55 74 138 2033
287 55 175 252 6965
288 55 236 309 10907
289 55 8 66 1178
290 55 85 148 2507
291 55 274 362 13615
292 55 127 192 4393
293 55 32 97 643
294 55 31 94 674
295 55 94 166 2768
296 55 33 97 692
297 55 20 76 10268
298 55 21 77 10288
299 55 220 294 9817
300 55 16 80 315
301 55 1 60 628
302 55 266 355 13023
303 55 16 72 10192
304 55 334 421 18321
305 56 175 251 6970
306 56 105 176 3272
307 56 9 67 2581
308 56 117 188 3841
309 56 17 74 10210
310 56 8 66 2567
311 56 121 194 4027
312 56 63 132 1559
313 56 39 106 813
314 56 19 79 873
315 56 49 108 2140
316 56 192 270 8001
317 56 75 143 2018
318 56 106 172 3374
319 56 25 91 475
320 56 249 332 11801
321 56 204 279 8768
322 56 104 171 3264
323 56 225 308 10138
324 56 195 269 8199
325 56 215 296 9473
326 56 7 64 10055
327 56 91 163 2643
328 56 27 92 544
329 56 159 236 6037
330 56 1 58 10003
331 56 3 60 10015
332 56 79 143 2262
333 56 16 73 10192
334 56 71 141 1845
335 56 9 66 10081
336 56 48 108 1622
337 56 12 69 10124
338 56 163 241 6263
339 56 226 305 10211
340 56 36 102 748
341 56 56 113 11257
342 56 260 343 12590
343 56 34 95 994
344 56 79 145 2206
345 56 135 205 4756
346 56 10 69 1205
347 56 142 216 5107
348 56 26 83 10397
349 56 292 377 14980
350 56 18 75 10229
351 56 64 127 1740
352 56 85 158 2385
353 56 15 72 10174
354 56 50 109 2171
355 56 6 63 10044
356 56 58 122 1481
357 56 84 153 2368
358 57 195 272 8194
359 57 19 77 10248
360 57 92 160 2729
361 57 168 245 6557
362 57 16 77 817
363 57 15 74 2674
364 57 96 159 3099
365 57 98 169 2961
366 57 277 359 13846
367 57 92 157 2803
368 57 37 102 831
369 57 1 59 10003
370 57 54 119 1346
371 57 13 75 540
372 57 157 235 5924
373 57 158 233 5988
374 57 200 284 8498
375 57 58 116 11325
376 57 58 120 1725
377 57 31 93 917
378 57 145 222 5263
379 57 44 103 3375
380 57 3 62 2515
381 57 56 124 1339
382 57 75 140 2104
383 57 17 78 835
384 57 2 63 633
385 57 175 251 6972
386 57 180 253 7283
387 57 128 199 4395
388 57 47 105 10966
389 57 120 192 3988
390 57 120 197 3968
391 57 104 170 3305
392 57 86 157 2443
393 57 74 144 1968
394 57 89 153 2722
395 57 82 145 2505
396 57 55 122 1323
397 57 3 62 2515
398 58 58 126 1425
399 58 74 142 2009
400 58 88 152 2754
401 58 87 156 2517
402 58 79 144 2310
403 58 190 270 7877
404 58 10 72 719
405 58 143 215 5181
406 58 28 91 844
407 58 12 72 2624
408 58 148 223 5436
409 58 120 191 4002
410 58 69 132 2119
411 58 101 168 3168
412 58 61 122 2540
413 58 234 315 10757
414 58 15 74 10174
415 58 28 89 1555
416 58 20 80 2768
417 58 224 309 10071
418 58 211 294 9210
419 58 79 145 2262
420 58 90 156 2717
421 58 22 81 10309
422 58 154 227 5777
423 58 314 407 16700
424 58 1 60 10003
425 58 10 69 10094
426 58 39 105 886
427 58 38 101 1102
428 58 14 76 782
429 58 257 345 12371
430 58 10 69 10094
431 58 21 84 688
432 58 39 102 1130
433 58 44 109 1079
434 58 90 164 2600
435 58 1 60 10003
436 58 316 412 16858
437 58 25 86 1486
438 58 55 123 1323
439 58 57 120 1691
440 58 60 123 1794
441 58 1 60 10003
442 58 253 338 12086
443 58 218 304 9668
444 58 209 289 9085
445 58 69 130 2830
446 58 123 189 4248
447 58 210 286 9160
448 58 4 63 10024
449 58 2 61 10008
450 58 222 310 9934
451 58 203 281 8701
452 58 128 203 4379
453 58 68 139 1741
454 58 91 163 2655
455 58 31 90 10517
456 58 55 127 1274
457 59 26 91 675
458 59 126 204 4270
459 59 90 156 2765
460 59 28 90 1555
461 59 110 179 3561
462 59 55 124 1323
463 59 43 108 1123
464 59 62 134 1523
465 59 226 312 10206
466 59 199 280 8442
467 59 43 110 1002
468 59 194 272 8134
469 59 420 522 25827
470 59 13 76 765
471 59 19 79 10248
472 59 43 106 1470
473 59 39 110 800
474 59 217 298 9610
475 59 33 101 692
476 59 8 72 467
477 59 56 123 1413
478 59 46 114 1059
479 59 64 131 1692
480 59 164 240 6335
481 59 77 149 2086
482 59 22 82 10309
483 59 38 103 980
484 59 71 137 1998
485 59 218 298 9678
486 59 127 196 4393
487 59 27 88 2920
488 59 278 366 13917
489 59 6 70 444
490 59 24 84 10352
491 59 52 119 1281
492 59 85 152 2507
493 59 18 79 2729
494 59 78 147 2166
495 59 241 327 11237
496 59 45 110 1183
497 59 5 65 10033
498 59 128 203 4383
499 59 259 342 12521
500 60 4 65 10024
501 60 29 93 1093
502 60 27 97 520
503 60 8 69 10067
504 60 90 161 2644
505 60 140 214 5020
506 60 111 185 3559
507 60 10 72 2594
508 60 73 144 1953
509 60 44 114 975
510 60 60 133 1453
511 60 280 369 14067
512 60 205 293 8818
513 60 149 226 5490
514 60 79 143 2731
515 60 54 121 1394
516 60 31 102 600
517 60 220 306 9804
518 60 159 238 6042
519 60 51 116 1492
520 60 492 604 32742
521 60 94 162 2890
522 60 124 201 4177
523 60 16 77 10192
524 60 76 143 2191
525 60 9 73 706
526 60 63 127 2125
527 60 12 76 749
528 60 142 212 5176
529 60 116 188 3817
530 60 21 83 2788
531 60 30 99 616
532 60 4 65 10024
533 60 8 74 345
534 60 173 247 6877
535 60 152 236 5639
536 60 95 167 2847
537 60 217 299 9610
538 60 218 299 9678
539 60 62 133 1547
540 60 268 358 13173
541 60 3 64 10015
542 60 14 75 10157
543 60 14 81 361
544 60 106 180 3325
545 60 32 97 943
546 60 38 108 802
547 60 10 71 10094
548 60 102 167 3490
549 60 85 149 2975
550 60 36 103 852
551 60 50 117 1264
552 60 2 65 1119
553 60 7 68 10055
554 60 71 141 1894
555 60 5 71 311
556 61 64 132 1740
557 61 146 220 5351
558 61 72 138 2232
559 61 46 111 1560
560 61 189 268 7825
561 61 222 309 9937
562 61 638 764 48347
563 61 29 100 568
564 61 249 336 11802
565 61 63 135 1582
566 61 109 180 3513
567 61 111 184 3577
568 61 84 156 2392
569 61 70 138 1961
570 61 242 335 11303
571 61 29 91 10468
572 61 188 272 7752
573 61 33 96 3068
574 61 86 164 2427
575 61 132 202 4673
576 61 359 454 20414
577 61 11 77 509
578 61 20 82 10268
579 61 441 554 27786
580 61 16 81 817
581 61 117 187 3920
582 61 122 196 4101
583 61 259 350 12515
584 61 1 63 10003
585 61 15 77 10174
586 61 14 84 280
587 61 50 117 1338
588 61 9 72 2581
589 61 19 88 404
590 61 159 244 6032
591 61 1 63 10003
592 61 34 102 798
593 61 244 330 11450
594 61 23 86 2830
595 62 246 337 11586
596 62 83 157 2337
597 62 23 94 454
598 62 46 120 1005
599 62 133 211 4640
600 62 255 344 12229
601 62 31 101 674
602 62 104 181 3226
603 62 206 294 8884
604 62 50 117 1460
605 62 287 381 14596
606 62 6 70 2544
607 62 17 80 10210
608 62 61 132 1552
609 62 19 82 10248
610 62 128 208 4375
611 62 35 103 898
612 62 20 90 424
613 62 146 228 5317
614 62 51 117 1717
615 62 26 90 2897
616 62 1 71 159
617 62 55 130 1282
618 62 65 136 1695
619 62 13 81 418
620 62 300 398 15596
621 62 48 118 1153
622 62 149 220 5579
623 62 6 71 1155
624 62 19 86 648
625 62 152 225 5704
626 62 185 274 7562
627 62 107 174 3720
628 62 53 125 1257
629 62 21 86 1399
630 62 52 126 1194
631 62 18 81 10229
632 63 98 166 3310
633 63 114 188 3734
634 63 113 183 3807
635 63 97 172 2935
636 63 164 247 6325
637 63 41 109 1187
638 63 37 102 3175
639 63 112 194 3583
640 63 89 161 2642
641 63 75 142 2573
642 63 78 149 2222
643 63 182 263 7396
644 63 131 208 4549
645 63 75 151 2007
646 63 49 119 1233
647 63 2 68 1119
648 63 27 91 10420
649 63 120 202 3971
650 63 28 93 2944
651 63 103 182 3175
652 63 41 108 1412
653 63 36 104 1048
654 63 54 119 3690
655 63 195 281 8187
656 63 38 104 1813
657 63 92 168 2706
658 63 134 210 4712
659 63 41 114 887
660 63 112 187 3625
661 63 385 494 22667
662 63 92 168 2706
663 63 199 286 8439
664 63 86 165 2431
665 63 24 95 508
666 63 33 104 724
667 63 27 91 10420
668 63 65 131 2683
669 63 32 96 10543
670 63 11 76 2609
671 63 131 209 4542
672 63 224 307 10082
673 63 11 80 387
674 63 84 160 2368
675 63 47 113 2077
676 63 37 110 775
677 63 121 196 4062
678 63 307 399 16149
679 63 14 80 1268
680 63 185 274 7563
681 63 242 332 11307
682 63 91 164 2704
683 63 83 155 2391
684 63 41 112 943
685 63 363 465 20754
686 63 134 205 4809
687 63 20 87 893
688 64 15 81 2674
689 64 372 481 21529
690 64 193 276 8071
691 64 140 226 4990
692 64 123 202 4136
693 64 812 962 69416
694 64 46 119 1059
695 64 71 146 1877
696 64 1 66 10003
697 64 90 169 2605
698 64 32 107 625
699 64 16 84 817
700 64 122 196 4142
701 64 4 70 2524
702 64 432 545 26941
703 64 25 93 1000
704 64 97 170 2989
705 64 72 146 1932
706 64 39 106 1841
707 64 6 71 10044
708 64 2 68 2508
709 64 7 72 10055
710 64 17 87 488
711 64 57 126 1691
712 64 230 323 10476
713 64 267 355 13105
714 64 1 70 403
715 64 2 67 10008
716 64 54 132 1241
717 64 25 90 10375
718 64 36 106 925
719 64 17 86 610
720 64 46 118 1092
721 64 4 71 1135
722 64 6 74 669
723 64 196 281 8254
724 64 80 154 2246
725 64 184 271 7506
726 64 106 183 3333
727 64 85 162 2410
728 64 264 358 12879
729 64 27 97 698
730 64 249 333 11812
731 64 81 158 2246
732 64 134 209 4736
733 64 24 89 10352
734 64 74 150 1979
735 64 80 150 2424
736 65 227 321 10272
737 65 7 73 10055
738 65 9 79 481
739 65 17 90 366
740 65 12 82 524
741 65 52 119 3624
742 65 182 273 7380
743 65 475 589 31061
744 65 53 127 1280
745 65 183 273 7442
746 65 82 162 2272
747 65 49 118 1654
748 65 218 310 9669
749 65 16 89 348
750 65 43 111 1957
751 65 167 251 6502
752 65 27 93 10420
753 65 20 90 668
754 65 44 119 975
755 65 58 134 1407
756 65 1 67 10003
757 65 25 96 652
758 65 12 81 749
759 65 165 248 6389
760 65 94 172 2793
761 65 78 147 2691
762 65 48 119 1275
763 65 60 133 1550
764 65 191 277 7941
765 65 69 140 1997
766 65 76 154 2046
767 65 31 105 641
768 65 131 205 4621
769 66 205 292 8828
770 66 76 145 3098
771 66 276 374 13765
772 66 37 105 3175
773 66 1 70 1114
774 66 168 249 6577
775 66 63 136 1704
776 66 27 101 577
777 66 14 83 1268
778 66 11 80 1220
779 66 155 237 5828
780 66 1 68 10003
781 66 15 87 452
782 66 89 161 2796
783 66 8 79 467
784 66 40 113 963
785 66 26 97 797
786 66 76 145 3098
787 66 94 172 2803
788 66 35 109 777
789 66 66 138 1886
790 66 105 186 3272
791 66 167 255 6495
792 66 103 182 3195
793 66 175 259 6975
794 66 36 108 925
795 66 123 200 4175
796 66 549 673 38593
797 66 354 454 19990
798 66 12 81 1235
799 66 8 75 10067
800 66 89 160 2918
801 66 19 86 10248
802 66 62 136 1620
803 66 6 74 2544
804 66 27 97 1045
805 66 183 270 7449
806 66 16 83 10192
807 66 131 211 4549
808 66 78 157 2125
809 66 248 340 11731
810 66 7 78 455
811 66 90 166 2661
812 66 67 138 2045
813 66 9 76 10081
814 66 78 148 2691
815 66 207 298 8950
816 66 1 70 1114
817 66 295 394 15209
818 66 2 69 10008
819 67 247 337 11664
820 67 133 217 4636
821 67 47 118 1591
822 67 32 108 666
823 67 222 317 9935
824 67 36 106 1759
825 67 188 276 7755
826 67 14 82 10157
827 67 113 189 3727
828 67 58 137 1394
829 67 388 493 22935
830 67 364 470 20840
831 67 15 87 574
832 67 64 139 1692
833 67 41 109 10787
834 67 346 445 19317
835 67 245 339 11518
836 67 127 210 4332
837 67 217 314 9600
838 67 850 1002 74346
839 67 23 93 1442
840 67 39 113 934
841 67 45 121 1029
842 67 34 102 10594
843 67 40 111 1383
844 67 65 141 1695
845 68 46 121 1140
846 68 33 102 10568
847 68 15 88 574
848 68 42 112 3316
849 68 202 286 8651
850 68 6 75 10044
851 68 109 185 3570
852 68 57 135 1391
853 68 9 79 2581
854 68 48 125 1121
855 68 92 171 2729
856 68 63 138 1704
857 68 58 132 1602
858 68 61 137 1585
859 68 31 110 600
860 68 360 467 20498
861 68 12 87 328
862 68 158 236 6058
863 68 64 141 1659
864 68 68 141 2082
865 68 52 128 1281
866 68 191 283 7936
867 68 81 160 2269
868 68 57 131 1568
869 68 131 211 4567
870 68 102 189 3118
871 68 107 185 3420
872 68 8 77 10067
873 68 117 195 3896
874 68 228 326 10339
875 69 239 337 11096
876 69 85 167 2410
877 69 87 164 2590
878 69 46 122 1140
879 69 97 181 2910
880 69 27 99 1531
881 69 78 157 2166
882 69 35 109 1021
883 69 24 96 1463
884 69 36 109 1273
885 69 155 239 5833
886 69 18 91 854
887 69 473 591 30865
888 69 33 107 968
889 69 23 98 608
890 69 43 123 928
891 69 158 245 5988
892 69 73 153 1953
893 69 205 301 8819
894 69 3 73 10015
895 69 6 77 2544
896 69 7 77 10055
897 69 10 80 10094
898 69 71 144 2419
899 69 46 118 2047
900 69 24 99 630
901 69 222 315 9940
902 69 43 120 1002
903 69 72 152 1915
904 69 318 420 17021
905 69 54 132 1313
906 69 29 104 746
907 70 107 186 3443
908 70 10 82 2594
909 70 29 101 2968
910 70 19 91 2748
911 70 227 324 10274
912 70 352 463 19818
913 70 56 130 1882
914 70 132 219 4584
915 70 2 73 10008
916 70 125 210 4237
917 70 82 161 2351
918 70 8 84 345
919 70 1 72 10003
920 70 66 149 1667
921 70 48 121 2108
922 70 242 340 11306
923 70 54 133 1313
924 71 77 158 2127
925 71 392 508 23288
926 71 27 107 544
927 71 155 239 5848
928 71 72 155 1902
929 71 61 140 1585
930 71 80 155 2771
931 71 195 286 8194
932 71 62 144 1547
933 71 190 284 7875
934 71 92 176 2706
935 71 67 140 4145
936 71 127 214 4332
937 71 369 478 21271
938 72 158 247 5992
939 72 61 140 1633
940 72 185 278 7571
941 72 26 106 553
942 72 49 133 1098
943 72 324 428 17505
944 72 53 131 1435
945 72 376 485 21880
946 72 48 126 1275
947 72 70 148 2034
948 72 15 88 10174
949 73 171 261 6742
950 73 167 256 6513
951 73 22 99 934
952 73 38 118 906
953 73 15 97 297
954 73 85 169 2433
955 73 211 308 9212
956 73 123 211 4136
957 74 297 401 15366
958 74 192 284 8012
959 74 6 84 669
960 74 31 108 1628
961 74 21 96 10288
962 74 35 120 703
963 74 148 235 5460
964 74 73 159 1940
965 75 106 197 3313
966 75 39 116 3230
967 75 390 500 23113
968 75 4 85 301
969 75 75 155 2348
970 76 190 286 7881
971 76 34 113 1705
972 76 96 180 2978
973 76 290 404 14822
974 76 111 206 3536
975 76 162 256 6216
976 77 169 261 6635
977 77 39 118 3230
978 77 30 118 575
979 77 166 257 6467
980 78 330 440 17994
981 78 37 116 10675
982 78 119 208 3977
983 78 236 341 10890
984 78 13 92 10140
985 79 42 122 10816
986 79 5 87 1144
987 79 150 248 5539
988 79 106 199 3325
989 80 56 145 1380
990 80 7 93 333
991 80 216 316 9548
992 80 187 284 7706
993 80 58 147 1448
994 81 29 112 2968
995 82 90 189 2596
996 82 576 713 41475
997 82 15 101 799
998 84 49 140 1233
999 87 55 147 1623
1000 96 323 448 17426
