1 0 0 0 0
2 0 0 0 0
3 0 0 0 0
4 0 0 0 0
5 0 0 0 0
6 0 0 0 0
7 0 0 0 0
8 0 0 0 0
9 0 0 0 0
10 0 0 0 0
11 0 0 0 0
12 0 0 0 0
13 0 0 0 0
14 0 0 0 0
15 0 0 0 0
16 0 0 0 0
17 0 0 0 0
18 0 0 0 0
19 0 0 0 0
20 0 0 0 0
21 0 0 0 0
22 0 0 0 0
23 0 0 0 0
24 0 0 0 0
25 0 0 0 0
26 0 0 0 0
27 0 0 0 0
28 0 0 0 0
29 0 0 0 0
30 0 0 0 0
31 0 0 0 0
32 0 0 0 0
33 0 0 0 0
34 0 0 0 0
35 0 0 0 0
36 0 0 0 0
37 0 0 0 0
38 0 0 0 0
39 0 0 0 0
40 0 0 0 0
41 0 0 0 0
42 0 0 0 0
43 0 0 0 0
44 0 0 0 0
45 0 0 0 0
46 0 0 0 0
47 0 0 0 0
48 0 0 0 0
49 0 0 0 0
50 0 0 0 0
51 0 0 0 0
52 0 0 0 0
53 0 0 0 0
54 0 0 0 0
55 0 0 0 0
56 0 0 0 0
57 0 0 0 0
58 0 0 0 0
59 0 0 0 0
60 0 0 0 0
61 0 0 0 0
62 0 0 0 0
63 0 0 0 0
64 0 0 0 0
65 0 0 0 0
66 0 0 0 0
67 0 0 0 0
68 0 0 0 0
69 0 0 0 0
70 0 0 0 0
71 0 0 0 0
72 0 0 0 0
73 0 0 0 0
74 0 0 0 0
75 0 0 0 0
76 0 0 0 0
77 0 0 0 0
78 0 0 0 0
79 0 0 0 0
80 0 0 0 0
81 0 0 0 0
82 0 0 0 0
83 0 0 0 0
84 0 0 0 0
85 0 0 0 0
86 0 0 0 0
87 0 0 0 0
88 0 0 0 0
89 0 0 0 0
90 0 0 0 0
91 0 0 0 0
92 0 0 0 0
93 0 0 0 0
94 0 0 0 0
95 0 0 0 0
96 0 0 6 277
97 0 0 0 0
98 0 0 0 0
99 0 0 0 0
100 0 0 0 0
101 0 0 0 0
102 0 0 0 0
103 0 0 0 0
104 0 0 0 0
105 0 0 0 0
106 0 0 0 0
107 0 0 0 0
108 0 0 0 0
109 0 0 0 0
110 0 0 0 0
111 0 0 0 0
112 0 0 0 0
113 0 0 0 0
114 0 0 0 0
115 0 0 0 0
116 0 0 0 0
117 0 0 0 0
118 0 0 0 0
119 0 0 0 0
120 0 0 0 0
121 0 0 0 0
122 0 0 0 0
123 0 0 0 0
124 0 0 0 0
125 0 0 0 0
126 0 0 0 0
127 0 0 0 0
128 0 0 0 0
129 0 0 0 0
130 0 0 0 0
131 0 0 0 0
132 0 0 0 0
133 0 0 0 0
134 0 0 0 0
135 0 0 0 0
136 0 0 0 0
137 0 0 0 0
138 0 0 0 0
139 0 0 0 0
140 0 0 0 0
141 0 0 0 0
142 0 0 0 0
143 0 0 0 0
144 0 0 0 0
145 0 0 0 0
146 0 0 0 0
147 0 0 0 0
148 0 0 0 0
149 0 0 0 0
150 0 0 0 0
151 0 0 0 0
152 0 0 0 0
153 0 0 0 0
154 0 0 0 0
155 0 0 0 0
156 0 0 0 0
157 0 0 0 0
158 0 0 0 0
159 0 0 0 0
160 0 12 533 224
161 0 0 0 0
162 0 0 0 0
163 0 0 0 0
164 0 0 0 0
165 0 0 0 0
166 0 0 0 0
167 0 0 0 0
168 0 0 0 0
169 0 1 515 1114
170 0 1 578 628
171 0 45 568 975
172 0 90 616 2605
173 0 16 534 396
174 0 0 0 0
175 0 1 515 1114
176 0 83 612 2299
177 0 0 0 0
178 0 0 0 0
179 0 1 520 159
180 0 8 520 10067
181 0 2 523 108
182 0 150 680 5539
183 0 0 0 0
184 0 0 0 0
185 0 0 0 0
186 0 16 530 1303
187 0 0 0 0
188 0 0 0 0
189 0 0 0 0
190 0 0 0 0
191 0 0 0 0
192 0 0 0 0
193 0 0 0 0
194 0 0 0 0
195 0 0 0 0
196 0 0 0 0
197 0 0 0 0
198 0 0 0 0
199 0 0 0 0
200 0 0 0 0
201 0 0 0 0
202 0 0 0 0
203 0 0 0 0
204 0 0 0 0
205 0 0 0 0
206 0 0 0 0
207 0 0 0 0
208 0 0 0 0
209 0 0 0 0
210 0 0 0 0
211 0 0 0 0
212 0 0 0 0
213 0 0 0 0
214 0 0 0 0
215 0 0 0 0
216 0 0 0 0
217 0 0 0 0
218 0 0 0 0
219 0 0 0 0
220 0 0 0 0
221 0 0 0 0
222 1 15 536 297
223 1 11 528 509
224 1 1 520 207
225 1 21 537 913
226 1 11 531 265
227 1 11 527 734
228 1 47 573 1017
229 1 13 530 540
230 1 48 566 1275
231 1 29 553 537
232 1 15 533 452
233 1 2 522 164
234 1 14 537 239
235 1 12 534 224
236 1 1 516 1114
237 1 9 524 1192
238 1 21 541 444
239 1 1 521 159
240 1 13 530 540
241 1 13 529 765
242 1 14 528 2657
243 1 17 533 835
244 1 14 537 239
245 1 20 542 368
246 2 65 587 1695
247 2 111 636 3577
248 2 14 533 434
249 2 17 537 414
250 2 19 537 648
251 2 1 515 10003
252 2 2 523 164
253 2 59 582 1459
254 2 52 576 1207
255 2 45 568 1005
256 2 46 565 1213
257 2 56 581 1326
258 2 60 580 1598
259 2 65 588 1672
260 2 6 526 248
261 2 39 556 1355
262 2 1 521 207
263 3 25 551 444
264 3 15 534 574
265 3 11 532 313
266 3 11 529 734
267 3 8 528 345
268 3 13 533 418
269 3 2 524 164
270 3 23 543 608
271 3 2 523 212
272 3 16 537 396
273 3 31 555 617
274 4 181 722 7320
275 4 8 532 191
276 4 111 644 3539
277 4 109 635 3496
278 4 34 555 872
279 4 39 567 789
280 4 71 598 1864
281 4 32 552 943
282 4 53 578 1257
283 4 41 569 846
284 4 47 575 1025
285 4 40 566 841
286 4 54 583 1241
287 4 11 535 232
288 4 63 585 1704
289 4 41 564 943
290 4 1 521 403
291 4 4 524 424
292 4 2 522 408
293 5 139 678 4935
294 5 44 567 1079
295 5 59 587 1429
296 5 115 647 3738
297 5 2 524 286
298 6 232 841 10612
299 6 1 527 126
300 6 118 647 3914
301 6 146 682 5320
302 7 86 615 2475
303 7 84 617 2354
304 7 76 603 2111
305 7 31 555 795
306 7 28 550 1069
307 7 52 583 1184
308 7 81 610 2269
309 7 173 716 6842
310 7 86 620 2431
311 8 2 528 212
312 8 36 560 1048
313 8 5 534 133
314 8 15 540 452
315 8 25 547 1486
316 8 37 565 798
317 9 177 720 7083
318 9 84 620 2348
319 9 248 800 11726
320 9 32 565 602
321 9 11 536 509
322 9 243 794 11374
323 9 29 558 591
324 9 11 540 232
325 9 12 541 248
326 9 2 532 108
327 9 1 523 2503
328 9 6 536 144
329 9 22 546 934
330 9 26 549 1508
331 9 9 537 237
332 9 245 791 11519
333 10 7 534 333
334 10 41 573 870
335 10 15 541 574
336 10 173 721 6840
337 10 14 545 257
338 11 300 854 15598
339 11 10 536 719
340 11 37 566 879
341 11 43 579 896
342 11 15 548 256
343 11 148 685 5445
344 11 45 580 964
345 11 45 577 1005
346 11 112 646 3625
347 11 300 861 15595
348 11 300 859 15595
349 11 300 862 15594
350 11 14 541 557
351 11 90 630 2592
352 12 1 530 280
353 12 105 645 3262
354 12 2 527 2508
355 13 2 536 108
356 13 4 534 301
357 14 5 539 156
358 14 59 594 1459
359 14 11 539 1220
360 14 1 527 10003
361 14 120 661 3982
362 14 16 551 292
363 14 1 527 10003
364 15 122 665 4077
365 15 300 863 15595
366 15 42 577 940
367 15 54 590 1290
368 15 1 531 628
369 15 28 564 544
370 15 7 538 455
371 16 25 562 475
372 16 24 559 508
373 16 17 555 292
374 16 31 568 617
375 16 89 627 2601
376 16 1 530 2503
377 16 300 866 15595
378 16 300 859 15598
379 16 300 865 15595
380 16 15 549 378
381 17 1 537 159
382 17 4 534 2524
383 18 36 577 717
384 18 300 865 15596
385 18 300 869 15594
386 18 300 867 15595
387 18 1 536 280
388 18 2 535 633
389 18 17 554 366
390 19 12 547 524
391 19 4 538 649
392 19 274 833 13618
393 19 9 548 204
394 19 11 552 192
395 19 12 550 280
396 19 258 818 12443
397 19 12 547 524
398 19 22 563 392
399 19 199 757 8434
400 20 209 764 9081
401 20 6 546 167
402 20 300 868 15595
403 20 300 862 15598
404 20 13 550 418
405 20 1 541 126
406 21 41 586 846
407 21 146 701 5311
408 21 7 549 155
409 21 1 541 159
410 21 1 541 159
411 21 60 605 1453
412 22 2 540 408
413 22 47 588 1122
414 22 300 864 15598
415 22 32 572 747
416 22 300 864 15598
417 22 40 587 809
418 22 300 866 15597
419 22 300 869 15596
420 22 300 864 15598
421 22 300 869 15596
422 22 219 775 9741
423 22 300 873 15594
424 22 300 868 15596
425 22 229 787 10412
426 23 9 549 358
427 23 35 582 680
428 23 300 867 15597
429 23 38 578 980
430 23 38 580 858
431 23 26 570 497
432 23 2 544 164
433 23 32 576 643
434 23 1 540 403
435 23 56 604 1308
436 24 106 658 3308
437 24 2 541 633
438 24 117 669 3831
439 24 269 840 13243
440 24 33 580 638
441 24 11 548 2609
442 24 10 549 719
443 24 10 548 1205
444 24 120 668 4002
445 24 272 843 13465
446 24 4 542 1135
447 24 3 540 2515
448 24 233 793 10685
449 25 118 667 3904
450 25 89 634 2642
451 25 7 552 179
452 25 89 639 2569
453 25 24 563 1463
454 25 32 576 699
455 25 59 607 1429
456 26 1 541 1114
457 26 300 873 15596
458 26 300 876 15595
459 26 22 568 433
460 26 300 870 15597
461 26 2 548 131
462 26 300 872 15596
463 26 300 872 15596
464 27 69 614 1923
465 27 61 606 1633
466 27 300 873 15596
467 27 75 627 1999
468 27 55 601 1379
469 27 75 630 1983
470 27 300 878 15594
471 27 2 543 1119
472 27 1 547 159
473 27 67 616 1727
474 27 300 875 15595
475 28 1 544 628
476 28 26 568 1508
477 28 11 558 265
478 28 21 564 913
479 28 2 546 408
480 28 300 870 15598
481 28 296 868 15286
482 28 18 562 629
483 28 300 871 15598
484 28 300 878 15595
485 28 42 587 1094
486 29 43 594 928
487 29 11 558 313
488 29 17 559 2710
489 29 4 553 147
490 29 264 834 12879
491 29 19 564 648
492 29 9 559 181
493 29 26 575 521
494 29 114 675 3674
495 29 91 642 2686
496 29 300 880 15594
497 29 300 871 15598
498 29 19 569 348
499 29 300 875 15596
500 29 1 546 403
501 29 82 636 2278
502 29 12 561 248
503 29 59 611 1429
504 29 300 873 15597
505 29 239 809 11095
506 29 2 547 408
507 29 300 871 15598
508 30 69 623 1778
509 30 300 881 15594
510 30 3 553 139
511 30 93 651 2725
512 30 81 633 2269
513 30 103 663 3163
514 30 129 685 4439
515 31 300 880 15595
516 31 66 620 1678
517 31 120 681 3971
518 31 75 626 2072
519 31 23 571 608
520 31 99 651 3055
521 31 38 586 980
522 31 113 668 3662
523 31 89 642 2601
524 31 59 613 1429
525 31 101 663 3070
526 31 4 556 124
527 32 1 550 280
528 32 29 582 568
529 32 29 575 1579
530 32 19 565 1359
531 32 1 554 103
532 32 76 631 2057
533 32 12 558 1235
534 32 68 627 1721
535 32 103 666 3161
536 33 19 566 1359
537 33 9 560 285
538 33 11 566 192
539 33 33 585 724
540 33 15 561 2674
541 33 73 627 1971
542 33 36 586 925
543 33 7 556 455
544 33 2 549 1119
545 33 33 589 638
546 33 17 563 2710
547 33 2 555 131
548 33 19 569 526
549 33 37 592 757
550 34 38 589 980
551 34 49 602 1185
552 34 54 613 1241
553 34 22 570 1420
554 34 3 558 115
555 34 93 650 2760
556 34 4 555 301
557 34 49 599 1429
558 34 127 690 4324
559 35 300 877 15598
560 35 300 886 15594
561 35 179 744 7212
562 35 300 886 15594
563 35 300 877 15598
564 35 300 881 15596
565 35 1 556 126
566 35 300 886 15594
567 36 95 652 2877
568 36 41 599 870
569 36 47 602 1122
570 36 77 641 2061
571 36 2 559 108
572 36 24 578 556
573 36 41 598 887
574 36 63 619 1623
575 36 77 638 2078
576 36 62 617 1620
577 36 300 884 15595
578 36 9 561 481
579 37 16 575 274
580 37 48 606 1097
581 37 1 553 628
582 37 25 580 579
583 37 38 592 980
584 37 95 653 2877
585 37 11 566 313
586 38 34 594 677
587 38 1 553 1114
588 38 2 558 212
589 38 1 553 1114
590 38 1 555 403
591 38 11 571 192
592 38 34 593 694
593 38 45 603 1029
594 38 35 589 1021
595 38 26 581 675
596 38 41 599 911
597 38 23 576 955
598 39 25 580 775
599 39 229 810 10406
600 39 12 572 224
601 39 53 611 1313
602 39 53 618 1201
603 39 4 563 147
604 39 9 568 204
605 39 21 575 913
606 39 14 570 434
607 40 210 791 9140
608 40 15 568 2674
609 40 3 564 115
610 40 55 620 1274
611 40 25 585 498
612 40 25 586 475
613 40 25 583 579
614 40 91 652 2704
615 40 7 562 680
616 40 22 579 587
617 40 70 632 1839
618 40 27 589 503
619 40 29 586 746
620 40 129 701 4418
621 40 54 617 1259
622 40 53 618 1208
623 41 66 632 1659
624 41 114 681 3696
625 41 84 652 2348
626 41 1 557 628
627 41 12 569 524
628 41 53 614 1280
629 41 82 652 2258
630 41 16 578 292
631 41 31 593 617
632 41 66 625 1812
633 42 39 601 854
634 42 39 604 800
635 42 47 611 1049
636 42 1 557 1114
637 42 40 603 858
638 42 33 596 668
639 42 33 592 846
640 43 34 600 664
641 43 7 569 211
642 43 1 560 403
643 43 5 562 1144
644 43 34 598 694
645 43 1 565 103
646 43 33 591 1193
647 43 23 587 430
648 43 33 599 638
649 43 32 590 1168
650 43 26 587 601
651 43 37 602 757
652 43 35 602 680
653 43 30 594 592
654 43 29 590 672
655 43 46 606 1213
656 43 37 595 1300
657 44 91 657 2686
658 44 2 567 108
659 44 1 561 403
660 44 1 562 280
661 44 10 568 1205
662 44 34 602 653
663 44 107 681 3348
664 44 2 565 164
665 44 25 583 1486
666 44 24 585 630
667 44 16 581 292
668 44 2 560 1119
669 44 6 571 144
670 44 1 560 628
671 45 184 763 7506
672 45 24 592 422
673 45 33 602 627
674 45 189 768 7813
675 45 7 569 333
676 45 8 567 1178
677 45 185 767 7563
678 46 139 719 4935
679 46 15 576 799
680 46 32 601 612
681 46 2 567 164
682 46 31 601 576
683 46 38 600 1102
684 46 99 674 2985
685 46 40 609 828
686 46 108 681 3406
687 46 40 605 915
688 46 40 611 809
689 46 149 726 5481
690 46 23 583 1442
691 47 68 636 1782
692 47 2 563 1119
693 47 59 623 1637
694 47 76 651 2022
695 47 44 611 999
696 47 41 609 887
697 48 242 827 11308
698 48 42 606 1216
699 48 24 587 977
700 48 1 570 103
701 48 20 588 391
702 48 49 615 1233
703 49 9 579 181
704 49 19 587 404
705 49 107 678 3403
706 49 103 678 3180
707 49 12 581 248
708 49 248 840 11726
709 49 19 587 404
710 49 33 602 692
711 49 16 578 2692
712 49 17 580 1321
713 49 6 568 2544
714 49 2 566 633
715 49 5 573 189
716 49 33 597 1193
717 49 25 590 775
718 50 9 576 358
719 50 109 689 3441
720 50 122 704 4065
721 50 3 569 415
722 50 8 574 467
723 50 4 573 180
724 51 30 604 562
725 51 68 640 1782
726 51 74 645 2033
727 51 23 588 1442
728 51 119 694 3953
729 51 22 587 1420
730 51 31 604 600
731 51 15 579 2674
732 51 75 651 1999
733 51 40 616 809
734 51 4 569 1135
735 51 12 582 280
736 51 29 598 672
737 51 90 668 2600
738 51 123 704 4120
739 51 33 599 1193
740 51 131 713 4523
741 51 117 693 3847
742 51 2 574 108
743 52 59 630 1515
744 52 35 608 721
745 52 34 601 1219
746 52 54 625 1346
747 52 25 596 531
748 52 24 594 556
749 52 84 658 2392
750 52 69 646 1770
751 52 60 637 1445
752 52 215 801 9476
753 53 9 581 237
754 53 32 607 625
755 53 33 607 668
756 53 58 632 1425
757 53 292 886 14980
758 53 6 577 248
759 53 48 625 1056
760 53 1 574 126
761 53 6 574 669
762 53 19 585 2748
763 53 36 609 771
764 53 21 589 913
765 53 25 596 579
766 53 31 608 576
767 53 37 614 734
768 53 300 895 15598
769 53 53 632 1201
770 54 56 630 1380
771 54 13 588 240
772 54 52 626 1248
773 54 273 873 13540
774 54 273 875 13539
775 54 12 582 524
776 54 24 599 452
777 54 36 613 717
778 54 57 635 1350
779 54 1 568 2503
780 54 10 581 372
781 54 16 589 348
782 54 2 571 633
783 54 278 876 13914
784 54 4 578 147
785 54 280 881 14063
786 54 300 905 15594
787 54 52 628 1207
788 54 1 574 159
789 54 33 611 627
790 54 25 593 1486
791 55 34 611 677
792 55 32 605 747
793 55 40 615 882
794 55 187 780 7685
795 55 16 589 396
796 55 40 619 818
797 55 226 824 10202
798 55 41 612 1187
799 55 15 592 256
800 55 8 583 191
801 56 113 699 3631
802 56 22 593 934
803 56 15 586 799
804 56 15 584 2674
805 56 15 586 799
806 56 15 586 799
807 56 15 585 1285
808 56 15 591 297
809 56 23 596 608
810 56 30 605 649
811 56 117 698 3847
812 56 38 618 761
813 56 37 617 734
814 56 1 576 159
815 56 156 748 5861
816 56 159 742 6053
817 56 161 753 6144
818 56 159 745 6042
819 56 159 743 6049
820 56 38 612 906
821 57 6 582 200
822 57 73 650 1994
823 57 82 659 2351
824 57 19 593 526
825 57 19 589 2748
826 57 30 610 562
827 57 55 634 1306
828 57 33 606 968
829 57 63 644 1559
830 57 70 652 1808
831 57 300 901 15597
832 57 300 900 15598
833 57 34 607 994
834 57 42 616 1094
835 57 64 646 1587
836 57 100 680 3069
837 57 101 684 3089
838 57 101 687 3075
839 57 3 573 2515
840 57 97 680 2910
841 57 300 899 15598
842 58 300 901 15598
843 58 219 819 9733
844 58 36 611 925
845 58 2 574 1119
846 58 10 581 2594
847 58 55 637 1282
848 58 21 601 371
849 58 300 908 15595
850 58 300 904 15596
851 58 300 906 15595
852 58 2 581 108
853 58 300 900 15598
854 58 300 902 15597
855 59 44 626 945
856 59 1 578 207
857 59 11 583 2609
858 59 134 725 4676
859 59 11 584 1220
860 59 258 863 12440
861 59 27 604 624
862 59 10 589 218
863 59 19 600 331
864 59 40 618 915
865 59 82 667 2272
866 59 40 619 882
867 59 3 580 219
868 59 8 584 345
869 60 52 630 1329
870 60 2 579 286
871 60 7 583 455
872 60 104 695 3206
873 60 15 593 378
874 60 29 611 551
875 60 37 612 1300
876 60 14 590 557
877 61 41 626 846
878 61 2 583 131
879 61 92 677 2706
880 61 10 593 177
881 61 128 717 4379
882 61 107 695 3359
883 61 38 619 826
884 61 14 589 1268
885 61 14 592 434
886 62 45 632 956
887 62 4 581 649
888 62 58 641 1425
889 62 40 622 882
890 62 35 615 825
891 62 20 599 546
892 62 36 619 748
893 62 44 625 1031
894 62 20 602 391
895 62 75 660 2018
896 62 35 615 825
897 62 300 904 15598
898 62 45 630 975
899 62 33 612 846
900 62 61 643 1552
901 62 41 621 991
902 62 41 624 887
903 62 300 910 15595
904 63 16 592 2692
905 63 32 617 625
906 63 1 578 1114
907 63 22 604 465
908 63 27 612 503
909 63 23 609 400
910 64 151 747 5589
911 64 300 906 15598
912 64 85 677 2385
913 64 15 598 330
914 64 151 745 5594
915 64 85 676 2390
916 64 13 598 240
917 64 10 587 2594
918 64 206 803 8890
919 64 24 607 508
920 64 17 602 310
921 64 2 581 633
922 64 75 661 2031
923 64 15 593 1285
924 64 7 590 211
925 64 38 622 826
926 64 39 624 830
927 64 180 781 7259
928 64 2 582 408
929 64 5 583 1144
930 64 78 664 2149
931 65 1 581 628
932 65 175 772 6967
933 65 36 625 707
934 65 21 605 444
935 65 142 734 5115
936 65 7 588 455
937 65 174 768 6916
938 65 8 586 2567
939 66 98 685 3010
940 66 14 599 313
941 66 1 584 280
942 66 90 680 2620
943 66 21 609 371
944 66 159 757 6037
945 66 53 637 1361
946 66 37 622 831
947 66 14 599 313
948 67 39 622 1130
949 67 2 587 212
950 67 52 643 1184
951 67 17 600 610
952 67 39 627 830
953 67 35 617 1246
954 67 53 646 1201
955 67 59 652 1404
956 67 31 618 641
957 67 87 681 2473
958 68 1 589 126
959 68 31 614 1142
960 68 34 622 718
961 68 20 608 391
962 68 24 606 1463
963 68 41 630 887
964 69 60 647 1598
965 69 95 685 2877
966 69 75 666 2031
967 69 73 668 1915
968 69 40 628 915
969 69 62 649 1668
970 69 75 671 1987
971 69 214 818 9409
972 69 25 611 652
973 69 23 606 1442
974 69 39 627 886
975 69 53 641 1313
976 69 12 601 248
977 69 1 583 2503
978 69 20 605 668
979 69 5 588 1144
980 69 64 657 1595
981 69 77 674 2061
982 69 20 604 893
983 69 44 629 1275
984 69 12 598 402
985 70 1 589 207
986 70 180 788 7258
987 70 37 625 879
988 70 43 633 969
989 70 300 916 15596
990 70 300 914 15597
991 70 300 917 15596
992 70 44 634 999
993 70 9 598 237
994 70 58 647 1481
995 70 66 663 1647
996 70 1 587 403
997 70 99 692 3024
998 71 14 603 361
999 71 14 602 434
1000 71 1 586 1114
1001 71 127 724 4338
1002 71 15 603 452
1003 71 144 744 5214
1004 71 35 629 690
1005 71 36 623 1048
1006 71 36 625 852
1007 71 13 599 765
1008 71 146 745 5326
1009 71 62 660 1503
1010 71 128 731 4367
1011 71 118 712 3914
1012 71 127 727 4324
1013 71 81 679 2226
1014 71 106 702 3325
1015 71 100 694 3069
1016 71 88 687 2511
1017 71 112 715 3578
1018 71 104 703 3216
1019 71 126 722 4294
1020 71 73 670 1915
1021 71 102 696 3159
1022 72 88 689 2507
1023 72 55 649 1306
1024 72 68 666 1726
1025 72 75 672 1999
1026 72 69 660 1875
1027 72 78 677 2105
1028 72 72 667 1902
1029 72 87 687 2469
1030 72 101 699 3089
1031 72 97 690 2966
1032 72 91 691 2638
1033 72 89 687 2563
1034 72 95 696 2808
1035 72 113 715 3631
1036 72 115 713 3744
1037 72 109 706 3465
1038 73 2 588 2508
1039 73 34 631 653
1040 73 3 590 1126
1041 74 249 859 11803
1042 74 221 832 9870
1043 74 11 607 192
1044 74 52 651 1175
1045 74 53 653 1201
1046 74 12 608 207
1047 74 4 594 424
1048 74 1 593 207
1049 74 291 906 14903
1050 74 34 629 694
1051 74 79 681 2141
1052 75 194 804 8123
1053 75 33 625 846
1054 75 25 615 1000
1055 75 33 630 651
1056 75 184 792 7508
1057 75 9 603 237
1058 75 32 629 625
1059 75 25 620 498
1060 75 44 644 926
1061 75 36 634 717
1062 75 39 630 1130
1063 75 17 608 610
1064 76 159 763 6049
1065 76 1 593 403
1066 76 42 634 1216
1067 76 21 620 358
1068 76 170 780 6668
1069 76 38 629 1327
1070 77 1 593 628
1071 77 47 640 1366
1072 77 37 630 1075
1073 77 53 648 1361
1074 77 83 684 2327
1075 77 79 682 2150
1076 77 55 652 1347
1077 77 61 657 1585
1078 77 100 699 3082
1079 78 2 595 633
1080 78 11 604 734
1081 78 48 643 1275
1082 78 2 599 164
1083 79 11 605 734
1084 79 7 599 2555
1085 79 52 652 1224
1086 79 12 610 280
1087 79 10 609 218
1088 79 10 603 1205
1089 79 14 608 782
1090 79 129 736 4430
1091 79 2 598 286
1092 79 195 811 8183
1093 79 19 616 452
1094 79 34 630 872
1095 80 199 817 8435
1096 80 195 814 8181
1097 80 86 691 2443
1098 80 21 624 358
1099 81 13 610 540
1100 81 300 927 15596
1101 81 300 929 15595
1102 81 4 604 180
1103 81 155 765 5820
1104 81 300 925 15597
1105 82 300 929 15596
1106 82 300 931 15595
1107 82 17 621 292
1108 82 16 618 315
1109 82 44 644 1079
1110 82 300 926 15597
1111 83 40 645 841
1112 83 30 629 892
1113 83 24 622 977
1114 83 300 927 15597
1115 83 26 623 1508
1116 83 32 633 747
