1 0 14 363 557
2 0 32 383 747
3 0 4 351 1135
4 0 12 358 2624
5 0 51 403 1248
6 0 16 371 274
7 0 13 366 264
8 0 18 372 329
9 0 13 360 1251
10 0 24 377 476
11 0 14 362 782
12 0 59 415 1429
13 0 2 347 10008
14 0 25 375 652
15 0 31 388 576
16 0 1 353 159
17 0 2 352 286
18 0 47 399 1122
19 0 1 351 280
20 0 1 352 207
21 0 1 348 1114
22 0 2 356 108
23 0 29 378 868
24 0 16 369 315
25 0 10 356 2594
26 1 40 393 915
27 1 32 390 602
28 1 33 383 968
29 1 39 397 789
30 1 73 430 1940
31 1 32 389 612
32 1 32 385 699
33 1 238 607 11032
34 1 55 409 1347
35 1 39 394 830
36 1 22 371 934
37 1 32 386 666
38 1 10 363 251
39 1 16 363 2692
40 1 17 365 1321
41 1 16 365 817
42 1 45 402 975
43 1 13 365 344
44 1 5 360 133
45 1 7 355 1166
46 1 13 362 765
47 1 13 369 223
48 1 30 386 575
49 1 3 352 640
50 1 1 353 207
51 1 21 377 371
52 2 190 559 7875
53 2 41 398 870
54 2 41 401 838
55 2 193 562 8062
56 2 52 408 1224
57 2 197 568 8311
58 2 32 386 699
59 2 15 370 297
60 2 24 377 556
61 2 54 410 1290
62 2 32 382 1168
63 2 20 376 368
64 2 3 358 139
65 2 28 383 567
66 2 48 405 1080
67 2 41 395 943
68 2 15 365 799
69 2 2 349 10008
70 2 49 406 1111
71 2 60 414 1550
72 2 26 380 553
73 2 100 462 3039
74 2 6 358 321
75 2 40 395 882
76 2 16 371 315
77 3 83 443 2327
78 3 38 395 802
79 3 138 505 4888
80 3 140 511 4986
81 3 134 500 4681
82 3 163 527 6277
83 3 36 391 804
84 3 52 413 1175
85 3 14 364 1268
86 3 15 371 297
87 3 15 366 799
88 3 2 357 164
89 3 17 368 835
90 3 16 365 2692
91 3 60 420 1453
92 3 105 464 3297
93 3 70 430 1816
94 3 14 365 782
95 3 31 388 617
96 3 16 366 1303
97 3 22 381 379
98 3 53 413 1216
99 3 28 386 527
100 3 46 406 995
101 3 123 487 4127
102 3 162 529 6210
103 3 122 483 4093
104 3 1 358 103
105 3 28 380 844
106 3 126 486 4302
107 3 5 359 237
108 3 23 375 730
109 3 144 510 5211
110 4 231 609 10543
111 4 22 380 409
112 4 32 385 943
113 4 88 446 2576
114 4 19 374 452
115 4 25 385 444
116 4 5 361 189
117 4 26 384 497
118 4 73 436 1915
119 4 18 371 629
120 4 74 436 1960
121 4 70 431 1816
122 4 30 385 697
123 4 32 393 602
124 4 17 368 1321
125 4 1 357 159
126 4 54 415 1249
127 4 53 412 1240
128 4 15 369 452
129 4 55 409 1501
130 4 6 364 144
131 4 31 392 576
132 5 18 375 385
133 5 251 635 11937
134 5 250 625 11873
135 5 278 663 13913
136 5 1 359 126
137 5 271 653 13392
138 5 8 358 10067
139 5 3 362 115
140 5 9 362 706
141 5 50 413 1111
142 5 25 382 531
143 5 17 374 366
144 5 46 401 1213
145 5 15 367 1285
146 5 5 364 133
147 5 14 367 782
148 5 32 386 943
149 5 34 395 664
150 5 35 392 777
151 5 55 412 1379
152 5 55 416 1293
153 5 1 354 628
154 5 24 385 422
155 6 196 570 8249
156 6 4 359 424
157 6 271 653 13393
158 6 11 367 387
159 6 110 474 3512
160 6 11 370 232
161 6 271 655 13392
162 6 168 536 6563
163 6 254 637 12153
164 6 15 371 452
165 6 25 383 531
166 6 241 625 11232
167 6 12 370 280
168 6 29 385 746
169 6 23 376 1442
170 6 193 564 8066
171 6 89 456 2553
172 6 1 360 126
173 6 291 680 14898
174 6 90 455 2605
175 7 137 509 4833
176 7 16 370 1303
177 7 1 358 280
178 7 36 394 852
179 7 139 512 4937
180 7 12 368 524
181 7 197 576 8307
182 7 185 564 7561
183 7 15 374 330
184 7 186 560 7629
185 7 16 372 592
186 7 30 388 697
187 7 27 384 698
188 7 30 393 562
189 7 101 469 3079
190 7 36 391 1273
191 7 141 511 5050
192 7 152 524 5644
193 7 35 399 680
194 7 225 600 10142
195 7 169 544 6608
196 7 14 375 257
197 7 1 358 280
198 7 6 365 200
199 7 16 373 469
200 7 206 579 8890
201 7 45 409 964
202 8 28 385 844
203 8 135 506 4733
204 8 138 513 4882
205 8 143 510 5174
206 8 134 503 4688
207 8 5 358 10033
208 8 148 518 5432
209 8 20 379 472
210 8 30 394 562
211 8 300 689 15595
212 8 300 690 15595
213 8 156 531 5864
214 8 2 364 108
215 8 29 392 551
216 8 89 458 2553
217 9 49 411 1152
218 9 32 397 612
219 9 52 415 1224
220 9 48 407 1275
221 9 29 390 624
222 9 64 431 1587
223 9 16 378 315
224 9 300 686 15597
225 9 46 406 1140
226 9 73 443 1905
227 9 66 432 1667
228 9 64 428 1618
229 9 1 364 103
230 9 69 429 1923
231 9 49 415 1088
232 10 17 373 2710
233 10 26 384 1022
234 10 39 402 854
235 10 16 373 1303
236 10 26 383 1508
237 10 36 402 717
238 10 12 373 328
239 10 18 374 2729
240 10 18 380 385
241 10 23 384 534
242 10 53 419 1226
243 10 7 364 1166
244 10 12 373 328
245 10 10 372 251
246 10 14 372 782
247 10 15 379 274
248 10 13 373 418
249 10 45 406 1109
250 10 300 687 15597
251 10 51 420 1137
252 10 16 375 592
253 10 300 691 15595
254 10 300 686 15598
255 10 17 381 310
256 10 45 404 1305
257 11 10 368 1205
258 11 36 403 717
259 11 28 389 722
260 11 14 372 1268
261 11 135 505 4750
262 11 47 407 1366
263 11 36 399 804
264 11 29 387 1579
265 11 80 447 2216
266 11 58 425 1394
267 11 16 378 396
268 11 66 428 1812
269 11 1 365 126
270 11 300 695 15594
271 11 300 689 15597
272 11 300 689 15597
273 11 58 428 1369
274 11 300 692 15595
275 11 11 377 192
276 11 30 390 892
277 11 282 675 14213
278 11 5 370 133
279 11 3 361 1126
280 11 1 363 207
281 11 85 449 2474
282 11 40 400 1158
283 11 82 450 2286
284 11 2 360 1119
285 12 92 462 2698
286 12 50 414 1216
287 12 300 687 15598
288 12 1 358 10003
289 12 39 403 886
290 12 8 371 271
291 12 38 400 980
292 12 190 572 7871
293 12 45 413 975
294 12 124 498 4173
295 12 16 380 348
296 12 199 584 8433
297 12 58 428 1376
298 12 13 378 264
299 12 227 612 10272
300 12 300 687 15598
301 12 300 695 15595
302 13 300 690 15597
303 13 132 508 4577
304 13 51 421 1151
305 13 300 694 15595
306 13 154 528 5767
307 13 65 432 1672
308 13 14 375 782
309 13 66 431 1764
310 13 2 365 286
311 13 34 404 653
312 13 35 405 680
313 13 41 404 1065
314 13 13 376 418
315 13 29 398 537
316 13 49 412 1306
317 13 132 503 4600
318 13 136 514 4780
319 13 14 379 313
320 13 37 398 1300
321 13 111 488 3533
322 13 27 391 624
323 13 118 487 3914
324 13 45 414 975
325 13 117 494 3821
326 13 169 551 6607
327 13 2 362 1119
328 13 65 438 1611
329 13 300 697 15594
330 13 15 374 2674
331 14 14 376 782
332 14 13 375 765
333 14 14 376 782
334 14 300 693 15596
335 14 142 515 5120
336 14 15 375 2674
337 14 68 438 1751
338 14 64 434 1605
339 14 300 694 15596
340 14 50 416 1216
341 14 68 442 1721
342 14 55 419 1501
343 14 65 432 1695
344 14 51 423 1143
345 14 51 418 1216
346 14 36 406 717
347 14 1 366 207
348 14 89 465 2549
349 14 13 375 765
350 14 44 411 999
351 14 22 384 934
352 14 300 696 15595
353 15 1 362 2503
354 15 40 413 809
355 15 35 398 1246
356 15 42 410 940
357 15 53 418 1435
358 15 282 676 14214
359 15 48 414 1201
360 15 17 383 414
361 15 3 367 415
362 15 123 499 4127
363 15 2 371 108
364 15 123 504 4113
365 16 30 398 649
366 16 4 371 228
367 16 217 601 9607
368 16 31 397 795
369 16 266 657 13025
370 16 38 411 761
371 16 79 453 2157
372 16 9 374 481
373 16 30 395 892
374 16 15 380 574
375 16 300 700 15594
376 16 300 695 15596
377 16 300 692 15598
378 16 11 375 734
379 16 251 645 11938
380 16 20 391 350
381 16 13 384 223
382 16 300 693 15597
383 16 14 384 257
384 16 41 414 846
385 16 245 638 11513
386 16 11 379 265
387 16 18 381 1340
388 16 300 698 15595
389 16 300 694 15597
390 16 300 697 15595
391 16 48 413 1397
392 16 300 696 15596
393 16 300 691 15598
394 16 300 693 15597
395 16 32 403 625
396 16 10 376 372
397 16 15 380 574
398 16 40 410 858
399 17 164 545 6325
400 17 189 573 7813
401 17 51 425 1151
402 17 20 390 391
403 17 18 381 2729
404 17 33 406 638
405 17 16 388 274
406 17 15 381 574
407 17 15 381 574
408 17 2 364 10008
409 17 300 701 15594
410 17 16 386 315
411 17 51 426 1143
412 17 177 562 7081
413 17 43 409 1245
414 17 43 412 1002
415 17 7 372 680
416 17 2 367 633
417 17 14 385 257
418 17 14 380 557
419 17 16 387 292
420 18 17 382 1321
421 18 19 391 348
422 18 16 380 2692
423 18 4 371 424
424 18 78 455 2111
425 18 147 524 5391
426 18 32 406 612
427 18 300 699 15595
428 18 300 695 15597
429 18 19 387 526
430 18 16 387 315
431 18 300 702 15594
432 18 22 390 587
433 18 17 390 292
434 18 128 505 4388
435 18 61 438 1473
436 18 36 405 852
437 18 300 693 15598
438 18 15 380 1285
439 18 16 387 315
440 18 68 445 1726
441 18 300 702 15594
442 18 41 414 870
443 18 300 701 15595
444 18 28 393 1555
445 18 16 387 315
446 18 33 402 772
447 18 15 381 799
448 18 102 480 3129
449 18 161 542 6156
450 18 72 448 1883
451 18 15 384 378
452 18 17 389 310
453 18 29 401 568
454 18 49 425 1080
455 18 27 398 544
456 19 59 430 1515
457 19 1 373 126
458 19 29 402 568
459 19 14 388 239
460 19 17 391 292
461 19 1 367 1114
462 19 21 388 913
463 19 17 390 310
464 19 29 395 1579
465 19 30 404 575
466 19 15 385 378
467 19 37 407 879
468 19 43 416 945
469 19 2 369 633
470 19 60 439 1433
471 19 2 366 10008
472 19 43 412 1123
473 19 64 443 1575
474 19 13 379 1251
475 19 44 418 958
476 19 53 422 1435
477 19 15 382 799
478 19 36 407 804
479 19 84 461 2360
480 19 24 399 422
481 19 112 488 3615
482 19 4 373 301
483 19 17 386 488
484 19 15 389 256
485 19 15 382 799
486 19 83 462 2307
487 19 60 434 1476
488 19 1 374 103
489 19 77 457 2061
490 19 13 382 418
491 19 16 386 396
492 20 42 418 886
493 20 22 392 587
494 20 15 382 1285
495 20 1 375 103
496 20 37 405 1300
497 20 21 393 444
498 20 17 389 366
499 20 25 399 475
500 20 31 406 600
501 20 1 370 403
502 20 9 374 10081
503 20 50 421 1264
504 20 28 397 844
505 20 42 411 1216
506 21 17 388 488
507 21 10 379 719
508 21 16 389 348
509 21 38 411 858
510 21 300 702 15595
511 21 255 652 12225
512 21 92 467 2747
513 21 8 380 271
514 21 258 651 12445
515 21 1 375 126
516 21 1 372 280
517 21 300 704 15595
518 21 16 387 469
519 21 6 378 248
520 21 16 390 315
521 22 16 384 2692
522 22 15 384 1285
523 22 16 384 2692
524 22 207 597 8951
525 22 199 592 8435
526 22 63 437 1656
527 22 6 380 200
528 22 193 581 8064
529 22 39 415 830
530 22 17 390 414
531 22 13 383 765
532 22 18 386 2729
533 22 173 559 6851
534 22 27 405 490
535 22 77 451 2183
536 22 30 406 592
537 22 16 393 274
538 22 2 377 131
539 22 40 418 828
540 23 59 441 1404
541 23 21 391 1399
542 23 36 416 707
543 23 18 391 506
544 23 2 375 286
545 23 2 371 2508
546 23 4 372 10024
547 23 60 437 1494
548 23 68 449 1733
549 23 2 378 131
550 23 105 491 3255
551 23 105 489 3262
552 23 34 405 1219
553 24 15 389 452
554 24 3 378 219
555 24 92 477 2681
556 24 33 405 1193
557 24 4 382 124
558 24 64 446 1587
559 24 63 443 1569
560 24 64 448 1575
561 24 45 425 975
562 24 32 412 612
563 24 23 400 454
564 25 1 374 628
565 25 17 389 1321
566 25 1 375 403
567 25 4 381 180
568 25 300 708 15595
569 25 24 403 452
570 25 6 379 669
571 25 297 705 15361
572 25 2 379 164
573 25 16 390 592
574 25 13 392 240
575 25 9 382 706
576 25 2 377 286
577 26 32 414 612
578 26 300 704 15597
579 26 16 392 469
580 26 4 377 1135
581 26 252 651 12013
582 26 22 404 379
583 26 121 513 4013
584 26 15 394 297
585 26 19 400 331
586 26 263 660 12809
587 26 300 705 15596
588 26 300 708 15595
589 26 144 531 5218
590 26 8 381 1178
591 26 215 609 9474
592 26 158 544 5997
593 26 10 383 1205
594 26 250 647 11872
595 26 16 395 315
596 26 16 393 396
597 26 228 622 10345
598 26 12 391 248
599 26 16 389 1303
600 26 16 391 592
601 26 300 705 15596
602 26 18 399 311
603 26 15 387 2674
604 26 15 396 256
605 26 16 396 292
606 26 71 454 1853
607 26 47 430 1025
608 26 32 410 699
609 26 16 391 592
610 26 16 395 315
611 26 48 431 1056
612 27 183 580 7441
613 27 90 480 2589
614 27 15 390 799
615 27 52 431 1281
616 27 14 387 2657
617 27 16 390 1303
618 27 33 416 638
619 27 14 387 2657
620 27 115 506 3724
621 27 52 433 1224
622 27 16 395 348
623 27 16 395 348
624 27 7 388 155
625 27 44 425 975
626 27 42 424 899
627 27 81 465 2246
628 27 183 579 7442
629 27 1 376 628
630 27 111 501 3536
631 27 15 397 256
632 27 15 395 297
633 27 53 434 1257
634 27 17 399 292
635 27 17 391 1321
636 27 94 482 2768
637 27 17 390 2710
638 27 16 391 817
639 27 38 414 1102
640 27 133 525 4624
641 27 17 391 1321
642 27 74 454 2033
643 27 210 604 9148
644 27 39 421 813
645 27 32 407 1168
646 27 49 429 1152
647 27 17 390 2710
648 27 50 435 1111
649 27 13 391 344
650 27 17 391 1321
651 27 67 446 1801
652 27 1 379 207
653 28 36 417 771
654 28 18 396 506
655 28 17 392 1321
656 28 76 461 2046
657 28 18 395 629
658 28 145 536 5265
659 28 15 398 256
660 28 50 428 1338
661 28 74 461 1954
662 28 19 395 873
663 28 16 392 817
664 28 74 456 2009
665 28 2 380 286
666 28 17 399 310
667 28 82 466 2297
668 28 17 399 310
669 28 17 396 414
670 28 23 402 534
671 28 101 485 3114
672 28 300 709 15595
673 28 300 703 15598
674 28 300 711 15595
675 28 300 706 15597
676 28 300 712 15594
677 28 300 708 15596
678 29 1 382 159
679 29 18 395 854
680 29 49 432 1129
681 29 55 442 1274
682 29 17 401 292
683 29 16 391 2692
684 29 57 438 1447
685 29 65 449 1654
686 29 32 416 625
687 29 58 443 1394
688 29 60 445 1463
689 29 18 400 352
690 29 49 428 1306
691 29 5 382 658
692 29 32 412 747
693 29 45 426 1061
694 29 41 427 846
695 29 17 397 414
696 29 51 431 1296
697 29 32 409 1168
698 29 75 459 2031
699 29 1 384 103
700 29 2 380 408
701 29 101 491 3079
702 29 18 396 629
703 29 16 397 348
704 29 16 394 592
705 29 1 378 628
706 29 1 379 403
707 29 18 397 506
708 30 26 403 1508
709 30 31 417 587
710 30 33 411 1193
711 30 26 407 601
712 30 29 407 1093
713 30 28 406 1069
714 30 19 398 648
715 30 24 406 508
716 30 16 401 274
717 30 1 379 628
718 30 6 385 444
719 30 9 385 2581
720 30 8 388 345
721 30 10 386 2594
722 30 40 427 818
723 30 14 393 557
724 30 14 396 313
725 30 4 386 180
726 30 14 398 257
727 30 45 429 1005
728 31 154 545 5772
729 31 11 388 2609
730 31 46 427 1213
731 31 300 715 15594
732 31 300 712 15595
733 31 38 419 980
734 31 38 419 980
735 31 54 436 1394
736 31 15 400 274
737 31 23 401 1442
738 31 22 405 465
739 31 24 408 476
740 31 300 710 15596
741 31 16 400 315
742 31 11 390 734
743 31 2 385 164
744 31 16 397 469
745 31 17 397 610
746 31 23 401 1442
747 31 39 421 934
748 31 14 393 782
749 31 40 428 818
750 31 40 420 1158
751 31 38 420 906
752 31 1 382 280
753 31 209 610 9079
754 31 17 399 414
755 31 18 401 385
756 31 79 471 2141
757 31 300 715 15594
758 31 119 513 3922
759 31 263 671 12804
760 31 47 430 1122
761 31 2 385 164
762 31 5 387 237
763 31 26 405 1022
764 32 224 623 10076
765 32 17 397 835
766 32 39 426 813
767 32 116 508 3787
768 32 16 396 817
769 32 17 400 414
770 32 218 618 9673
771 32 16 398 469
772 32 23 406 534
773 32 45 429 1061
774 32 139 537 4937
775 32 11 395 265
776 32 21 400 1399
777 32 47 436 1025
778 32 39 428 789
779 32 14 394 782
780 32 25 408 579
781 32 25 407 652
782 32 68 460 1721
783 32 84 469 2433
784 33 6 388 444
785 33 84 472 2392
786 33 122 514 4087
787 33 129 523 4430
788 33 300 713 15596
789 33 300 711 15597
790 33 300 711 15597
791 33 300 709 15598
792 33 300 716 15595
793 33 300 717 15594
794 33 300 714 15595
795 33 300 709 15598
796 33 128 523 4375
797 33 300 715 15595
798 33 300 709 15598
799 33 300 715 15595
800 33 159 560 6032
801 33 168 563 6563
802 33 160 557 6096
803 33 40 424 963
804 33 2 383 633
805 33 300 712 15596
806 34 30 418 592
807 34 69 455 1875
808 34 300 716 15595
809 34 59 443 1637
810 34 2 385 408
811 34 77 471 2066
812 34 21 406 492
813 34 71 465 1833
814 34 21 403 913
815 34 29 416 591
816 34 39 429 800
817 34 16 401 396
818 34 14 396 782
819 34 95 492 2805
820 34 2 388 164
821 34 33 418 772
822 34 18 406 329
823 35 2 382 10008
824 35 24 414 435
825 35 13 403 223
826 35 24 409 630
827 35 16 398 1303
828 35 22 408 513
829 35 1 389 126
830 35 2 391 108
831 35 5 391 237
832 35 66 459 1659
833 35 14 402 280
834 35 6 389 669
835 35 1 388 159
836 35 3 384 2515
837 35 3 385 1126
838 35 1 383 1114
839 35 226 629 10209
840 35 31 423 576
841 35 25 411 579
842 35 33 422 668
843 35 37 420 1300
844 35 35 424 721
845 35 4 393 124
846 35 39 431 789
847 35 36 428 707
848 36 300 714 15597
849 36 300 718 15595
850 36 246 655 11586
851 36 17 400 1321
852 36 32 417 943
853 36 20 406 546
854 36 15 397 2674
855 36 300 713 15597
856 36 31 417 795
857 36 31 419 674
858 36 43 433 945
859 36 32 422 643
860 36 65 457 1641
861 36 235 640 10823
862 36 32 423 625
863 36 10 394 719
864 36 16 401 592
865 36 271 679 13396
866 36 118 514 3884
867 36 300 711 15598
868 36 259 674 12512
869 36 5 386 10033
870 36 20 408 424
871 36 42 428 1094
872 37 179 582 7205
873 37 189 596 7809
874 37 211 615 9213
875 37 72 467 1883
876 37 32 422 666
877 37 10 400 218
878 37 9 399 204
879 37 30 420 616
880 37 34 428 653
881 37 45 433 1109
882 37 1 386 628
883 37 46 438 1018
884 37 14 401 434
885 37 43 436 915
886 37 47 434 1244
887 37 94 487 2803
888 38 54 442 1468
889 38 18 408 385
890 38 27 414 820
891 38 108 502 3436
892 38 37 428 798
893 38 28 419 567
894 38 19 408 452
895 38 117 511 3866
896 38 5 388 10033
897 38 16 403 592
898 38 14 402 434
899 38 122 523 4070
900 38 122 523 4070
901 38 16 400 2692
902 38 16 402 817
903 38 122 522 4073
904 38 47 442 1025
905 38 120 524 3964
906 38 4 388 2524
907 38 40 429 963
908 38 14 400 782
909 38 41 435 857
910 38 41 437 838
911 38 159 564 6033
912 39 55 450 1293
913 39 87 479 2557
914 39 1 393 126
915 39 44 435 1031
916 39 48 443 1067
917 39 70 469 1796
918 39 21 408 913
919 39 14 399 2657
920 39 68 460 1805
921 39 16 406 396
922 39 21 415 371
923 39 43 436 945
924 39 26 417 553
925 39 26 412 1508
926 40 2 394 164
927 40 1 387 2503
928 40 13 408 223
929 40 3 394 219
930 40 27 421 520
931 40 17 410 333
932 40 17 403 2710
933 40 8 396 692
934 40 9 396 1192
935 40 9 402 204
936 40 5 393 658
937 40 32 427 625
938 40 2 392 286
939 40 27 414 1531
940 41 17 413 292
941 41 15 409 297
942 41 18 411 385
943 41 251 664 11942
944 41 19 413 371
945 41 1 388 2503
946 41 244 659 11445
947 41 300 721 15596
948 41 142 550 5095
949 41 11 406 209
950 41 258 673 12443
951 41 108 509 3406
952 41 2 394 212
953 41 34 428 718
954 41 17 410 366
955 41 105 509 3255
956 41 1 391 403
957 41 300 716 15598
958 41 98 498 2954
959 41 39 432 886
960 41 80 476 2229
961 41 22 417 409
962 41 37 431 798
963 41 38 434 785
964 41 15 410 274
965 41 15 405 574
966 41 8 402 191
967 41 39 436 800
968 41 25 420 475
969 41 34 431 664
970 41 300 717 15598
971 41 47 446 1017
972 41 63 455 1704
973 41 280 702 14063
974 41 14 410 239
975 41 25 421 457
976 41 4 398 147
977 41 13 403 540
978 41 61 453 1633
979 41 2 394 212
980 41 118 524 3868
981 41 34 425 872
982 41 32 422 943
983 41 6 392 10044
984 41 9 402 237
985 42 33 425 846
986 42 85 487 2390
987 42 15 405 799
988 42 15 404 1285
989 42 179 588 7203
990 42 14 411 239
991 42 55 453 1293
992 42 70 465 1880
993 42 61 458 1511
994 42 9 405 181
995 42 24 417 556
996 42 15 406 574
997 42 30 427 575
998 42 33 426 772
999 43 151 558 5591
1000 43 14 406 557
1001 43 300 721 15597
1002 43 2 395 286
1003 43 2 396 212
1004 43 34 426 994
1005 43 21 415 492
1006 43 130 531 4497
1007 43 18 408 1340
1008 43 23 415 730
1009 43 49 448 1098
1010 43 17 413 333
1011 43 19 417 331
1012 43 36 435 717
1013 43 18 408 1340
1014 43 19 408 2748
1015 43 110 516 3488
1016 43 113 518 3634
1017 43 110 509 3530
1018 43 6 395 2544
1019 43 32 423 1168
1020 43 18 416 311
1021 43 164 575 6318
1022 43 300 722 15596
1023 43 164 569 6331
1024 43 164 570 6328
1025 43 19 410 873
1026 43 19 415 371
1027 43 37 429 1075
1028 43 38 435 802
1029 43 65 461 1695
1030 43 148 550 5445
1031 43 156 561 5876
1032 43 28 420 844
1033 44 25 417 1000
1034 44 16 409 592
1035 44 15 406 1285
1036 44 24 422 452
1037 44 97 504 2893
1038 44 9 399 2581
1039 44 9 403 358
1040 44 2 393 1119
1041 44 16 408 817
1042 44 16 406 2692
1043 44 16 412 348
1044 44 83 488 2303
1045 44 82 486 2266
1046 44 71 471 1864
1047 45 29 426 624
1048 45 196 609 8249
1049 45 18 413 506
1050 45 2 398 212
1051 45 26 418 1508
1052 45 2 398 212
1053 45 28 429 513
1054 45 17 416 310
1055 45 22 416 709
1056 45 44 439 1153
1057 45 17 417 292
1058 45 39 434 1008
1059 45 4 403 124
1060 45 26 422 601
1061 46 37 437 775
1062 46 11 404 1220
1063 46 35 438 680
1064 46 38 441 761
1065 46 43 438 1245
1066 46 15 410 574
1067 46 20 414 893
1068 46 5 398 1144
1069 46 11 408 313
1070 46 31 434 576
1071 46 31 434 576
1072 46 19 414 648
1073 46 69 472 1778
1074 46 60 462 1463
1075 46 17 413 488
1076 46 18 419 311
1077 46 16 408 2692
1078 46 232 650 10613
1079 47 300 727 15596
1080 47 69 472 1788
1081 47 176 592 7020
1082 47 198 612 8377
1083 47 40 436 1158
1084 47 16 415 348
1085 47 23 425 413
1086 47 173 585 6849
1087 47 1 398 280
1088 47 109 520 3438
1089 47 1 401 126
1090 47 15 411 574
1091 47 226 643 10207
1092 47 1 398 280
1093 47 15 412 452
1094 47 11 412 209
1095 48 16 410 2692
1096 48 108 514 3418
1097 48 23 418 1442
1098 48 14 409 1268
1099 48 17 412 1321
1100 48 20 420 424
1101 48 132 538 4600
1102 48 61 467 1480
1103 48 143 558 5148
1104 48 77 478 2150
1105 48 30 432 592
1106 48 77 480 2109
1107 48 9 405 706
1108 48 1 395 2503
1109 48 300 726 15597
1110 49 300 728 15596
1111 51 300 735 15594
1112 56 17 425 366
1113 56 300 734 15597
1114 56 300 731 15598
1115 62 300 745 15595
1116 62 300 740 15597
