1 0 14 277 1268
2 0 15 279 799
3 0 20 289 391
4 0 31 295 1142
5 0 237 527 10956
6 0 28 294 722
7 0 238 528 11026
8 0 16 286 292
9 0 16 285 315
10 0 7 270 1166
11 0 13 284 223
12 0 1 264 1114
13 0 16 284 348
14 0 10 275 494
15 1 43 314 945
16 1 6 277 144
17 1 67 337 1768
18 1 104 376 3264
19 1 19 284 873
20 2 158 444 5975
21 2 15 287 274
22 2 12 283 248
23 2 15 283 452
24 2 85 365 2381
25 2 163 443 6273
26 2 151 432 5594
27 2 156 443 5861
28 2 28 295 844
29 2 5 269 2533
30 2 15 285 330
31 2 82 356 2297
32 2 68 344 1733
33 2 160 448 6086
34 2 87 360 2517
35 2 7 272 1166
36 2 9 277 358
37 2 32 298 1168
38 2 2 268 633
39 2 9 278 285
40 2 14 279 1268
41 2 2 265 10008
42 2 2 271 212
43 3 14 284 361
44 3 94 374 2768
45 3 6 274 444
46 3 93 371 2735
47 3 68 342 1764
48 3 12 283 280
49 3 13 283 344
50 3 23 293 534
51 3 2 272 212
52 3 96 378 2849
53 3 1 268 628
54 3 12 281 402
55 3 36 308 771
56 3 18 285 854
57 3 65 338 1672
58 3 35 307 744
59 3 53 329 1216
60 3 108 388 3401
61 3 14 279 2657
62 3 15 282 799
63 3 10 278 494
64 3 15 281 1285
65 3 1 270 280
66 4 18 291 352
67 4 16 288 348
68 4 23 298 413
69 4 16 290 292
70 4 16 290 292
71 4 16 286 469
72 4 2 270 633
73 4 22 290 934
74 4 17 292 292
75 4 37 307 952
76 4 12 278 2624
77 4 6 277 248
78 4 17 291 310
79 4 22 298 379
80 4 12 280 749
81 4 24 291 1463
82 5 36 312 730
83 5 46 317 1213
84 5 1 276 103
85 5 19 288 873
86 5 19 293 371
87 5 18 287 854
88 5 17 286 835
89 5 268 566 13171
90 5 143 424 5169
91 5 2 268 10008
92 5 62 339 1534
93 5 40 311 1036
94 5 57 329 1495
95 5 2 275 164
96 5 11 279 1220
97 5 1 276 103
98 5 185 475 7564
99 5 42 312 1216
100 5 19 295 331
101 5 10 281 372
102 5 7 282 155
103 5 13 285 344
104 5 70 350 1801
105 5 30 300 892
106 5 35 312 690
107 5 1 268 2503
108 5 11 283 313
109 5 16 290 315
110 5 2 274 212
111 5 23 297 454
112 5 5 275 433
113 5 287 590 14593
114 5 81 360 2238
115 5 99 374 3055
116 5 24 296 556
117 6 55 334 1282
118 6 90 373 2596
119 6 22 294 587
120 6 72 352 1883
121 6 73 352 1930
122 6 100 383 3034
123 6 46 323 1018
124 6 47 321 1122
125 6 184 478 7500
126 6 16 288 469
127 6 7 282 179
128 6 46 318 1213
129 6 185 472 7571
130 6 86 370 2423
131 6 34 307 798
132 6 13 290 223
133 6 9 283 237
134 7 33 308 724
135 7 6 282 167
136 7 33 310 668
137 7 2 271 2508
138 7 16 286 1303
139 7 26 301 553
140 7 17 295 292
141 7 153 444 5694
142 7 186 476 7629
143 7 26 304 480
144 7 24 294 1463
145 7 16 286 1303
146 7 110 392 3505
147 7 73 348 2027
148 7 39 313 934
149 7 16 291 348
150 7 24 301 452
151 7 16 289 469
152 7 24 298 556
153 7 114 397 3690
154 7 18 288 1340
155 7 132 416 4584
156 7 64 344 1595
157 7 152 444 5637
158 7 167 456 6495
159 7 165 457 6374
160 7 165 457 6374
161 7 160 453 6086
162 7 18 291 506
163 8 208 498 9020
164 8 110 392 3512
165 8 194 486 8123
166 8 87 371 2473
167 8 91 374 2648
168 8 17 295 310
169 8 42 322 886
170 8 33 306 968
171 8 45 319 1183
172 8 26 305 480
173 8 88 370 2527
174 8 16 295 274
175 8 16 293 315
176 8 32 309 666
177 8 70 349 1839
178 8 74 358 1948
179 8 20 299 350
180 8 211 504 9210
181 8 32 313 602
182 8 32 309 666
183 8 169 461 6608
184 8 103 388 3170
185 8 220 511 9808
186 8 114 394 3721
187 9 257 561 12368
188 9 1 279 126
189 9 246 546 11585
190 9 29 305 672
191 9 1 274 628
192 9 27 302 698
193 9 244 541 11446
194 9 4 282 147
195 9 15 292 330
196 9 1 271 10003
197 9 20 296 472
198 9 18 297 329
199 9 39 320 800
200 9 9 286 237
201 9 3 273 10015
202 10 27 304 624
203 10 149 440 5479
204 10 6 280 669
205 10 261 558 12663
206 10 15 290 574
207 10 11 283 2609
208 10 9 289 181
209 10 19 293 873
210 10 244 544 11445
211 10 226 523 10206
212 10 19 291 2748
213 10 110 397 3495
214 10 10 291 177
215 10 16 292 469
216 10 23 302 454
217 10 26 306 497
218 10 59 342 1418
219 10 44 328 926
220 10 22 303 392
221 11 79 360 2206
222 11 108 392 3426
223 11 2 278 408
224 11 6 285 200
225 11 33 315 651
226 11 33 313 692
227 11 18 295 506
228 11 19 300 348
229 11 1 274 2503
230 11 300 604 15597
231 11 226 529 10202
232 11 1 280 159
233 12 14 297 239
234 12 30 309 697
235 12 16 296 348
236 12 59 345 1410
237 12 104 387 3264
238 12 99 383 3024
239 12 15 290 1285
240 12 37 313 1300
241 12 2 283 131
242 13 37 319 798
243 13 1 279 403
244 13 86 374 2437
245 13 97 380 2966
246 13 39 321 854
247 13 31 316 587
248 13 30 307 1117
249 13 38 316 1102
250 13 36 314 1048
251 14 24 303 752
252 14 28 307 844
253 14 27 309 577
254 14 6 289 167
255 14 16 298 348
256 14 28 307 844
257 14 17 301 310
258 14 2 281 408
259 14 82 372 2266
260 14 41 326 870
261 15 178 471 7155
262 15 271 580 13392
263 15 31 312 795
264 15 192 496 7993
265 15 10 296 177
266 15 5 281 10033
267 15 16 301 292
268 15 24 303 977
269 15 254 558 12156
270 15 2 282 408
271 15 37 317 1075
272 15 15 293 1285
273 15 37 316 1300
274 15 36 318 852
275 15 1 281 403
276 15 38 317 1327
277 15 11 291 509
278 16 16 300 348
279 16 31 312 917
280 16 29 317 537
281 16 28 313 567
282 16 36 325 707
283 16 7 287 680
284 16 74 361 1992
285 16 10 296 194
286 16 178 472 7155
287 16 16 299 396
288 16 1 287 103
289 16 67 356 1704
290 16 14 296 434
291 16 24 303 1463
292 17 84 378 2344
293 17 84 379 2340
294 17 16 301 348
295 17 36 322 771
296 17 56 341 1413
297 17 36 324 730
298 17 13 299 264
299 17 29 311 868
300 17 50 341 1111
301 17 15 296 799
302 17 15 303 256
303 17 1 288 103
304 17 1 285 207
305 17 4 282 10024
306 17 17 302 366
307 17 99 388 3024
308 17 90 383 2600
309 17 76 365 2057
310 17 168 462 6567
311 18 42 331 899
312 18 48 332 1275
313 18 52 339 1248
314 18 28 311 844
315 18 32 315 943
316 18 23 309 487
317 18 2 290 108
318 18 30 321 552
319 18 38 321 1102
320 18 1 287 159
321 18 44 334 945
322 18 24 305 1463
323 18 44 328 1153
324 18 15 304 256
325 18 38 324 858
326 19 18 299 2729
327 19 14 299 434
328 19 15 298 799
329 19 25 315 457
330 19 30 315 770
331 19 30 315 770
332 19 1 283 1114
333 19 37 324 831
334 19 29 317 591
335 19 37 320 1300
336 19 37 321 1075
337 19 1 287 207
338 19 15 305 256
339 19 22 304 1420
340 19 18 306 352
341 19 28 318 527
342 19 23 310 487
343 19 17 302 488
344 20 300 614 15597
345 20 101 396 3089
346 20 12 302 224
347 20 13 295 2640
348 20 11 297 387
349 20 12 294 2624
350 20 262 578 12730
351 20 10 293 1205
352 20 39 332 789
353 20 117 415 3827
354 20 116 410 3799
355 20 39 328 854
356 20 28 315 648
357 20 64 360 1575
358 20 110 411 3483
359 20 3 286 1126
360 20 9 290 10081
361 20 132 435 4568
362 20 283 594 14292
363 20 278 591 13914
364 20 19 306 452
365 20 38 322 1327
366 20 279 595 13988
367 21 103 400 3175
368 21 16 303 469
369 21 24 308 1463
370 21 22 308 709
371 21 32 326 602
372 21 32 320 747
373 21 16 304 396
374 21 39 325 1130
375 21 174 480 6901
376 21 2 288 408
377 21 171 473 6731
378 21 4 292 228
379 21 7 292 680
380 21 72 361 1989
381 22 2 291 212
382 22 79 378 2141
383 22 4 291 424
384 22 59 348 1563
385 23 1 286 2503
386 23 2 290 408
387 23 1 287 1114
388 23 1 287 1114
389 24 300 623 15595
390 24 52 349 1184
391 24 6 297 248
392 24 4 297 147
393 24 10 299 494
394 24 300 623 15595
395 24 2 290 633
396 24 33 324 772
397 24 19 308 648
398 24 36 333 707
399 24 16 310 292
400 24 300 621 15595
401 24 94 394 2773
402 24 34 330 664
403 24 33 321 1193
404 24 44 337 999
405 24 300 623 15595
406 24 21 312 492
407 24 300 623 15595
408 24 300 619 15596
409 24 43 334 1049
410 24 35 331 690
411 24 4 297 147
412 24 300 624 15594
413 24 300 617 15597
414 25 28 319 722
415 25 1 290 628
416 25 11 298 2609
417 25 11 307 192
418 25 28 319 722
419 25 34 330 677
420 25 1 295 126
421 25 13 306 296
422 25 4 290 10024
423 26 14 302 2657
424 26 21 311 913
425 26 29 322 672
426 26 74 368 2065
427 26 34 330 694
428 26 174 487 6899
429 26 40 338 828
430 26 2 297 131
431 26 15 308 378
432 26 22 317 433
433 26 26 317 797
434 26 29 323 624
435 26 59 357 1429
436 26 27 318 820
437 26 7 297 680
438 26 31 328 600
439 26 13 305 418
440 26 36 334 717
441 26 60 360 1445
442 26 21 310 1399
443 27 55 349 1427
444 27 3 300 115
445 27 151 461 5585
446 27 29 327 551
447 27 95 395 2837
448 27 300 627 15594
449 27 2 292 1119
450 27 48 348 1056
451 27 30 324 697
452 27 32 323 1168
453 27 115 416 3750
454 27 159 468 6035
455 27 124 428 4177
456 28 300 628 15594
457 28 50 349 1143
458 28 54 352 1290
459 28 53 356 1201
460 28 300 623 15596
461 28 22 320 409
462 28 22 318 465
463 28 29 322 868
464 28 68 372 1721
465 28 55 353 1323
466 28 70 371 1816
467 28 84 390 2340
468 28 16 314 292
469 28 2 298 164
470 28 95 400 2812
471 28 16 307 1303
472 29 28 327 544
473 29 19 318 348
474 29 4 301 180
475 29 1 300 103
476 29 15 307 1285
477 29 1 299 126
478 29 1 291 10003
479 29 14 310 361
480 29 43 340 1002
481 29 300 629 15594
482 30 8 299 10067
483 30 13 314 223
484 30 14 307 1268
485 30 13 305 2640
486 30 300 622 15598
487 30 256 575 12299
488 30 1 299 159
489 30 3 296 1126
490 30 3 295 2515
491 30 92 394 2716
492 30 20 319 391
493 30 12 313 207
494 30 36 331 1048
495 30 10 302 2594
496 30 36 330 1273
497 30 87 395 2465
498 30 181 494 7324
499 30 19 314 648
500 30 56 357 1339
501 30 56 354 1413
502 30 300 630 15594
503 30 29 324 868
504 31 24 322 556
505 31 166 476 6443
506 31 6 298 10044
507 31 40 342 841
508 31 85 389 2410
509 31 19 319 371
510 31 56 357 1357
511 31 50 355 1111
512 31 45 346 1005
513 31 2 302 131
514 31 40 343 828
515 31 197 515 8308
516 31 54 357 1259
517 31 300 627 15596
518 32 151 459 5605
519 32 6 305 248
520 32 4 303 228
521 32 13 313 296
522 32 300 625 15597
523 32 230 550 10477
524 32 53 357 1226
525 32 207 523 8951
526 33 75 379 2031
527 33 29 331 591
528 33 29 327 868
529 33 2 303 164
530 33 69 376 1770
531 33 70 372 1880
532 33 62 362 1668
533 33 39 337 1130
534 33 23 319 1442
535 33 93 396 2790
536 33 104 414 3216
537 33 39 345 789
538 33 30 335 562
539 33 83 392 2307
540 34 13 314 344
541 34 11 311 387
542 34 11 316 192
543 34 2 306 108
544 34 19 315 2748
545 34 29 335 537
546 34 24 323 752
547 34 24 321 1463
548 34 28 327 844
549 34 37 340 798
550 34 46 349 1059
551 34 45 345 1183
552 35 262 591 12731
553 35 7 303 10055
554 35 2 302 408
555 35 9 311 285
556 35 17 320 366
557 35 1 304 159
558 35 11 314 265
559 35 7 303 10055
560 35 33 341 627
561 35 39 346 800
562 35 6 305 669
563 35 2 298 10008
564 35 22 328 392
565 36 44 354 926
566 36 58 363 1448
567 36 300 630 15597
568 36 300 632 15596
569 36 8 313 191
570 36 43 351 915
571 36 300 632 15596
572 36 3 307 171
573 37 14 322 239
574 37 79 384 2262
575 37 1 308 103
576 37 133 452 4622
577 37 15 322 274
578 37 14 314 1268
579 37 15 318 452
580 37 14 320 280
581 37 300 636 15595
582 37 300 635 15595
583 37 300 637 15594
584 37 300 635 15595
585 37 300 631 15597
586 37 1 307 126
587 37 13 315 540
588 37 117 431 3831
589 38 14 317 557
590 38 17 326 292
591 38 58 362 1602
592 38 15 323 274
593 38 50 355 1264
594 38 300 636 15595
595 38 30 335 697
596 38 2 309 131
597 38 21 327 444
598 38 15 319 452
599 39 16 326 274
600 39 1 303 1114
601 39 6 309 669
602 39 1 310 103
603 39 38 348 785
604 40 89 399 2618
605 40 9 317 237
606 40 16 319 1303
607 40 51 358 1296
608 40 8 310 2567
609 40 13 319 418
610 40 27 337 520
611 40 27 331 1045
612 40 14 321 361
613 40 300 638 15595
614 40 300 632 15598
615 40 300 631 15598
616 40 300 633 15597
617 40 15 324 297
618 40 21 328 492
619 40 7 311 680
620 40 34 345 677
621 40 14 317 1268
622 40 11 315 734
623 40 300 633 15597
624 41 52 359 1402
625 41 1 304 2503
626 41 36 346 771
627 41 183 511 7440
628 41 39 344 1355
629 41 1 311 126
630 41 192 517 7998
631 41 21 331 412
632 41 15 327 256
633 41 36 342 1048
634 41 15 320 799
635 41 32 343 643
636 41 37 348 775
637 41 36 342 1048
638 41 6 316 167
639 41 215 538 9478
640 41 16 323 469
641 41 13 316 2640
642 41 16 326 315
643 42 1 310 207
644 42 300 636 15597
645 42 300 640 15595
646 42 3 310 415
647 42 13 323 296
648 42 25 335 531
649 42 39 354 789
650 42 29 341 568
651 42 1 307 628
652 42 57 367 1447
653 42 31 339 795
654 43 300 643 15594
655 43 87 406 2473
656 43 36 347 804
657 43 300 643 15594
658 43 300 635 15598
659 43 17 329 333
660 43 31 338 1142
661 43 2 312 212
662 44 30 339 892
663 44 20 332 424
664 44 18 328 506
665 44 29 337 1093
666 44 40 354 858
667 44 8 318 345
668 44 4 313 424
669 44 3 317 115
670 44 3 316 139
671 44 43 361 896
672 44 26 336 675
673 44 19 330 452
674 44 17 331 310
675 44 15 321 2674
676 44 31 343 674
677 45 241 576 11235
678 45 10 317 2594
679 45 13 327 264
680 45 13 322 765
681 45 4 312 1135
682 45 91 408 2673
683 45 1 315 126
684 45 2 311 633
685 46 66 385 1667
686 46 124 446 4181
687 46 14 326 434
688 46 21 334 492
689 46 37 350 879
690 46 31 344 721
691 46 21 333 566
692 46 21 336 412
693 46 29 342 672
694 46 8 318 692
695 47 126 453 4268
696 47 1 316 159
697 47 14 328 361
698 47 13 328 296
699 47 13 326 418
700 47 127 449 4338
701 47 42 354 1216
702 47 55 376 1274
703 47 21 336 444
704 47 300 640 15597
705 47 300 645 15595
706 47 59 381 1404
707 47 34 354 653
708 48 1 313 628
709 48 300 644 15596
710 48 300 647 15595
711 48 300 642 15597
712 48 25 339 652
713 48 31 344 917
714 48 14 333 239
715 49 17 333 414
716 49 300 644 15596
717 49 3 313 10015
718 49 27 347 503
719 49 28 340 1555
720 49 1 314 628
721 49 51 372 1162
722 49 13 331 264
723 49 13 332 240
724 49 28 340 1555
725 49 13 325 1251
726 50 250 587 11872
727 50 1 321 103
728 50 9 325 358
729 50 11 329 265
730 50 25 343 531
731 50 242 580 11306
732 50 11 331 209
733 50 64 381 1740
734 50 2 318 286
735 50 4 319 424
736 50 79 400 2189
737 50 8 328 167
738 50 49 369 1129
739 50 20 336 546
740 50 36 351 1048
741 50 32 347 943
742 51 27 346 577
743 51 10 323 2594
744 51 29 344 1093
745 51 300 644 15597
746 51 300 644 15597
747 51 15 334 330
748 51 30 354 552
749 51 74 394 2033
750 51 2 314 10008
751 51 59 380 1459
752 51 34 353 751
753 51 121 453 4015
754 51 82 402 2351
755 51 190 527 7871
756 51 30 345 1117
757 51 22 343 409
758 51 32 353 643
759 51 14 330 557
760 51 203 542 8689
761 51 7 325 259
762 51 30 346 892
763 51 16 334 396
764 51 152 488 5637
765 52 107 434 3364
766 52 15 333 452
767 52 21 338 688
768 52 15 334 378
769 52 76 398 2087
770 52 108 435 3411
771 52 14 335 280
772 52 20 338 546
773 52 77 405 2066
774 52 14 334 313
775 52 14 328 2657
776 52 100 431 3027
777 52 27 351 490
778 52 121 448 4037
779 52 109 434 3473
780 52 109 435 3465
781 52 22 346 379
782 52 22 339 709
783 52 22 339 709
784 52 13 334 264
785 52 300 647 15596
786 52 27 342 1531
787 52 14 331 557
788 52 72 394 1932
789 52 14 336 257
790 52 14 331 557
791 52 72 399 1877
792 52 15 329 2674
793 52 156 484 5884
794 52 66 388 1708
795 52 37 357 831
796 52 14 328 2657
797 53 16 332 1303
798 53 52 373 1281
799 53 16 336 396
800 53 38 363 772
801 53 34 357 694
802 53 32 350 943
803 53 55 382 1274
804 53 80 406 2205
805 53 19 342 348
806 53 34 355 751
807 53 18 333 2729
808 53 52 378 1184
809 53 52 380 1169
810 53 46 373 986
811 53 62 388 1523
812 53 58 377 1602
813 53 69 395 1778
814 53 17 336 488
815 53 18 342 311
816 53 16 340 274
817 53 1 315 10003
818 53 54 381 1241
819 53 49 376 1080
820 53 58 380 1448
821 53 57 384 1342
822 53 57 382 1360
823 53 62 383 1620
824 53 90 421 2592
825 53 50 372 1184
826 53 89 415 2578
827 53 86 410 2475
828 53 15 332 799
829 53 76 401 2057
830 53 15 335 378
831 53 77 399 2150
832 53 2 323 164
833 53 93 421 2735
834 53 13 329 1251
835 53 40 365 828
836 53 93 425 2718
837 53 90 420 2596
838 53 86 411 2462
839 53 32 352 747
840 53 94 420 2793
841 53 100 425 3069
842 53 93 424 2721
843 53 18 342 311
844 53 69 395 1778
845 54 165 499 6383
846 54 16 339 315
847 54 25 346 579
848 54 21 339 913
849 54 19 336 1359
850 54 23 343 608
851 54 18 334 2729
852 54 12 331 524
853 54 1 318 1114
854 54 6 322 2544
855 54 3 325 171
856 54 2 322 286
857 54 4 325 228
858 54 3 323 293
859 54 3 322 415
860 54 22 341 709
861 54 1 318 1114
862 54 264 606 12881
863 54 74 403 1954
864 54 15 332 1285
865 54 16 332 2692
866 54 48 368 1275
867 54 33 355 724
868 54 38 364 772
869 54 40 368 809
870 54 33 357 668
871 54 44 370 945
872 54 42 368 886
873 54 49 371 1185
874 54 41 367 857
875 54 14 332 782
876 54 165 497 6389
877 54 2 321 408
878 54 33 351 1193
879 54 29 355 537
880 54 28 345 1555
881 54 28 350 600
882 54 15 333 799
883 54 39 358 1130
884 55 12 334 328
885 55 110 439 3512
886 55 28 353 544
887 55 89 422 2549
888 55 4 327 180
889 55 45 369 1029
890 55 22 346 433
891 55 37 359 879
892 55 22 347 409
893 55 14 340 239
894 55 37 358 952
895 55 230 573 10477
896 55 31 351 917
897 55 31 356 617
898 55 39 363 854
899 55 135 471 4728
900 55 45 373 964
901 55 1 319 1114
902 56 37 360 879
903 56 23 347 487
904 56 2 321 1119
905 56 38 358 1327
906 56 2 325 212
907 56 15 339 330
908 56 53 379 1257
909 56 7 324 10055
910 56 123 452 4151
911 56 14 338 313
912 56 11 331 734
913 56 16 335 1303
914 56 30 353 697
915 56 83 408 2391
916 56 16 336 817
917 56 53 376 1361
918 56 16 339 396
919 56 202 544 8627
920 56 196 538 8246
921 57 31 360 587
922 57 16 340 396
923 57 31 357 641
924 57 33 354 1193
925 57 124 461 4167
926 57 30 354 697
927 57 1 327 126
928 57 39 362 1008
929 57 16 338 592
930 57 16 335 2692
931 57 3 328 171
932 57 87 420 2473
933 57 116 452 3775
934 57 47 377 1025
935 57 151 484 5605
936 57 62 391 1534
937 57 1 327 126
938 57 14 342 239
939 57 151 489 5589
940 57 30 351 1117
941 57 13 338 296
942 57 13 332 2640
943 57 15 337 574
944 57 15 341 297
945 57 15 342 274
946 57 144 478 5218
947 57 144 477 5223
948 58 19 348 331
949 58 46 371 1140
950 58 37 360 1075
951 58 62 394 1515
952 58 38 367 785
953 58 17 346 292
954 58 39 368 813
955 58 17 343 366
956 58 18 340 854
957 58 17 344 333
958 58 69 395 1875
959 58 63 393 1569
960 58 2 329 131
961 58 53 385 1208
962 58 31 353 1142
963 58 67 398 1704
964 58 33 361 668
965 58 24 354 422
966 58 48 372 1275
967 58 39 362 1130
968 58 39 370 789
969 58 89 416 2642
970 58 92 429 2674
971 58 19 347 348
972 58 22 351 392
973 58 31 353 1142
974 58 15 338 574
975 58 81 415 2226
976 58 48 379 1056
977 59 2 330 131
978 59 17 341 610
979 59 6 333 200
980 59 300 655 15596
981 59 16 339 817
982 59 92 425 2698
983 59 23 350 487
984 59 55 380 1501
985 59 55 385 1306
986 59 286 641 14517
987 59 21 351 371
988 59 14 343 257
989 59 21 347 492
990 59 24 354 435
991 59 32 361 643
992 59 25 352 531
993 59 30 359 592
994 59 11 337 313
995 59 31 358 674
996 60 30 358 649
997 60 10 336 372
998 60 11 340 232
999 60 153 494 5700
1000 60 40 374 809
1001 60 13 336 1251
1002 60 30 363 552
1003 60 1 325 628
1004 60 7 329 2555
1005 60 251 599 11942
1006 60 77 412 2071
1007 60 55 383 1379
1008 60 2 326 633
1009 60 106 441 3318
1010 61 7 336 211
1011 61 185 531 7564
1012 61 198 544 8374
1013 61 45 374 1061
1014 61 97 432 2917
1015 61 73 411 1905
1016 61 126 462 4287
1017 61 30 355 1117
1018 61 82 414 2310
1019 61 15 344 330
1020 61 14 338 1268
1021 61 4 328 1135
1022 61 116 451 3799
1023 61 15 339 1285
1024 61 45 373 1109
1025 62 34 360 1219
1026 62 42 370 1094
1027 62 26 351 1508
1028 62 39 367 1008
1029 62 42 374 916
1030 62 15 340 1285
1031 62 16 349 274
1032 62 41 375 857
1033 62 2 326 2508
1034 62 4 330 649
1035 62 87 419 2534
1036 62 43 372 1049
1037 62 108 441 3449
1038 62 30 363 575
1039 62 47 380 1049
1040 62 32 359 943
1041 62 124 463 4177
1042 62 29 354 1579
1043 62 28 356 722
1044 62 23 349 955
1045 62 27 354 820
1046 62 24 356 452
1047 62 4 336 124
1048 62 32 366 612
1049 62 39 366 1130
1050 62 22 347 1420
1051 62 30 363 575
1052 63 34 362 994
1053 63 53 388 1226
1054 63 16 350 274
1055 63 30 365 562
1056 63 1 327 1114
1057 63 17 351 292
1058 63 16 346 396
1059 63 71 406 1864
1060 63 300 656 15597
1061 63 32 368 602
1062 63 43 375 969
1063 63 48 383 1067
1064 63 106 448 3301
1065 63 105 445 3262
1066 63 10 339 372
1067 64 300 658 15597
1068 64 37 374 734
1069 64 16 347 396
1070 64 15 343 799
1071 64 17 344 1321
1072 64 16 345 592
1073 64 30 358 1117
1074 64 31 368 576
1075 64 252 611 12009
1076 64 23 351 955
1077 64 73 408 1953
1078 64 11 343 265
1079 64 111 456 3531
1080 64 1 326 10003
1081 64 14 346 313
1082 64 12 342 402
1083 64 15 341 2674
1084 64 13 348 223
1085 64 24 355 556
1086 64 2 332 286
1087 64 6 335 444
1088 64 5 336 237
1089 65 108 453 3392
1090 65 2 328 10008
1091 65 2 331 633
1092 65 46 379 1092
1093 65 12 345 280
1094 65 14 347 313
1095 65 21 350 913
1096 65 248 606 11725
1097 65 248 605 11726
1098 65 21 349 1399
1099 65 8 339 345
1100 65 5 332 2533
1101 65 4 331 2524
1102 65 12 347 224
1103 65 44 377 1031
1104 65 49 384 1129
1105 65 34 368 718
1106 65 42 380 875
1107 65 48 381 1153
1108 65 15 345 574
1109 65 15 349 297
1110 65 44 379 975
1111 65 277 638 13838
1112 65 277 635 13839
1113 65 5 335 433
1114 66 12 340 2624
1115 66 15 346 574
1116 66 18 346 2729
