1 0 0 0 0
2 0 0 6 277
3 0 0 0 0
4 0 0 0 0
5 0 0 0 0
6 0 0 0 0
7 0 0 0 0
8 0 0 0 0
9 0 0 0 0
10 0 0 0 0
11 0 0 0 0
12 0 0 0 0
13 0 0 0 0
14 0 1 438 207
15 0 0 0 0
16 0 0 0 0
17 0 0 0 0
18 0 0 0 0
19 0 0 0 0
20 0 0 0 0
21 0 0 0 0
22 0 0 0 0
23 0 0 0 0
24 0 0 0 0
25 0 0 0 0
26 0 0 0 0
27 0 10 442 494
28 0 1 472 628
29 0 1 436 159
30 0 1 434 280
31 0 32 466 747
32 0 1 434 280
33 0 16 447 817
34 0 17 455 292
35 0 24 455 977
36 0 113 554 3654
37 0 33 471 651
38 0 1 429 10003
39 0 34 471 694
40 1 1 432 1114
41 1 106 545 3356
42 1 12 448 280
43 1 16 448 817
44 1 2 437 212
45 1 18 449 1340
46 1 17 454 333
47 1 1 439 103
48 1 16 448 817
49 1 22 453 1420
50 1 47 481 1244
51 1 18 453 433
52 1 84 523 2392
53 1 16 448 817
54 1 13 451 240
55 1 16 455 274
56 1 16 453 315
57 1 14 447 557
58 1 48 487 1080
59 1 56 492 1413
60 1 10 449 177
61 1 56 493 1380
62 1 17 454 333
63 2 27 462 698
64 2 34 467 1219
65 2 14 454 239
66 2 15 450 452
67 2 2 439 164
68 2 13 452 240
69 2 22 458 513
70 2 1 432 2503
71 2 28 462 844
72 2 2 438 212
73 2 35 468 1246
74 3 117 563 3835
75 3 23 465 400
76 3 16 454 348
77 3 53 494 1240
78 3 82 527 2272
79 3 16 455 315
80 3 9 447 237
81 3 5 440 433
82 3 3 439 293
83 3 74 517 1968
84 3 14 451 361
85 3 2 439 212
86 3 48 485 1201
87 3 227 685 10273
88 3 248 706 11729
89 4 23 460 608
90 4 143 594 5155
91 4 49 489 1152
92 4 56 500 1316
93 4 79 522 2175
94 4 17 454 488
95 4 73 515 1953
96 4 131 583 4520
97 4 209 669 9076
98 4 10 449 251
99 4 212 673 9271
100 4 49 489 1152
101 4 189 640 7819
102 4 2 438 408
103 4 192 651 7994
104 5 150 607 5527
105 5 2 441 212
106 5 159 613 6035
107 5 1 436 1114
108 5 15 458 256
109 5 146 601 5311
110 5 14 454 313
111 5 21 456 1399
112 6 67 507 1849
113 6 179 634 7205
114 6 6 449 144
115 6 3 442 293
116 7 10 452 251
117 7 32 476 643
118 7 37 475 1300
119 7 143 601 5147
120 7 24 470 422
121 7 39 481 886
122 7 46 493 995
123 7 40 486 828
124 7 40 480 1036
125 7 5 447 189
126 7 33 473 846
127 7 33 478 651
128 7 27 466 820
129 7 26 465 797
130 7 2 438 2508
131 7 116 562 3817
132 7 9 450 285
133 7 14 451 1268
134 7 14 455 361
135 7 300 769 15596
136 8 198 658 8374
137 8 3 447 139
138 8 1 441 403
139 8 245 708 11517
140 8 40 486 841
141 8 41 488 857
142 8 15 459 297
143 8 25 470 475
144 8 34 482 653
145 8 55 501 1306
146 8 33 473 968
147 8 15 453 1285
148 8 3 446 171
149 8 300 775 15594
150 8 2 445 164
151 8 44 485 1153
152 8 37 485 734
153 8 26 467 675
154 8 5 447 237
155 8 12 455 280
156 9 11 450 1220
157 9 300 769 15597
158 9 300 776 15594
159 9 300 770 15597
160 9 300 776 15594
161 9 300 767 15598
162 10 43 493 905
163 10 7 448 680
164 10 1 445 207
165 10 15 462 274
166 10 14 458 361
167 10 14 453 2657
168 10 1 448 103
169 10 87 539 2478
170 10 300 769 15598
171 10 300 774 15595
172 10 7 450 333
173 10 117 569 3841
174 11 67 516 1727
175 11 2 445 408
176 11 54 502 1290
177 11 2 441 10008
178 11 74 523 1992
179 11 29 470 1579
180 11 18 459 1340
181 11 97 553 2896
182 11 15 463 274
183 11 49 501 1080
184 11 98 551 2954
185 12 10 451 2594
186 12 2 443 2508
187 12 300 777 15595
188 12 200 662 8504
189 12 300 774 15596
190 12 300 774 15596
191 12 300 774 15596
192 12 32 482 625
193 12 32 481 643
194 12 15 459 574
195 12 15 457 1285
196 12 14 460 361
197 12 24 475 422
198 12 20 468 391
199 12 3 445 1126
200 12 4 451 180
201 12 12 461 224
202 12 11 457 313
203 12 300 777 15595
204 13 300 772 15598
205 13 248 721 11725
206 13 214 684 9402
207 13 21 469 444
208 13 5 455 133
209 13 271 746 13391
210 13 1 447 280
211 13 23 469 608
212 13 16 466 292
213 13 254 723 12156
214 13 11 454 1220
215 13 11 461 209
216 13 230 703 10473
217 13 12 460 280
218 14 14 465 257
219 14 36 484 852
220 14 300 775 15597
221 14 8 453 692
222 14 42 492 940
223 14 138 599 4888
224 14 108 560 3449
225 14 23 471 534
226 14 206 676 8881
227 14 50 505 1111
228 14 43 497 905
229 14 3 454 115
230 15 300 778 15596
231 15 5 449 2533
232 15 1 451 159
233 15 34 487 677
234 15 79 535 2157
235 15 30 480 649
236 15 30 479 697
237 15 3 446 10015
238 15 142 602 5107
239 15 300 773 15598
240 15 300 782 15594
241 15 83 536 2351
242 16 22 470 709
243 16 121 578 4044
244 16 17 470 310
245 16 1 449 403
246 16 300 779 15596
247 16 1 452 159
248 16 10 462 218
249 16 37 488 831
250 16 21 469 688
251 16 28 483 513
252 16 86 544 2437
253 16 84 540 2368
254 16 92 554 2674
255 16 300 779 15596
256 16 101 555 3127
257 16 34 485 751
258 17 8 455 1178
259 17 97 559 2896
260 17 42 492 1094
261 17 255 726 12229
262 17 1 447 2503
263 17 80 538 2197
264 17 80 533 2270
265 17 27 475 1045
266 17 109 566 3473
267 17 156 616 5884
268 17 2 455 131
269 17 300 781 15595
270 17 1 449 628
271 17 30 487 552
272 17 33 489 638
273 18 2 450 1119
274 18 7 453 10055
275 18 107 571 3348
276 18 4 455 301
277 18 9 461 285
278 18 254 731 12154
279 18 40 495 858
280 18 63 523 1544
281 18 97 558 2905
282 18 39 490 1008
283 18 14 469 257
284 18 17 468 488
285 18 41 498 857
286 18 37 488 952
287 18 17 468 488
288 18 38 487 1327
289 18 73 532 1922
290 18 1 449 1114
291 18 228 705 10337
292 18 300 780 15596
293 18 270 743 13322
294 19 109 566 3496
295 19 85 544 2410
296 19 300 786 15594
297 19 177 641 7095
298 19 93 557 2721
299 19 8 456 2567
300 19 6 456 669
301 19 200 668 8505
302 19 33 484 968
303 19 1 451 628
304 20 167 634 6499
305 20 18 472 433
306 20 167 640 6489
307 20 167 632 6505
308 20 34 494 653
309 20 42 500 899
310 20 34 494 653
311 20 9 460 706
312 20 146 611 5323
313 20 132 593 4600
314 20 17 474 310
315 20 100 558 3082
316 20 120 585 3974
317 20 1 456 159
318 20 113 578 3634
319 20 117 578 3847
320 20 35 492 721
321 20 26 480 601
322 20 36 487 1273
323 20 37 494 775
324 20 38 495 802
325 20 36 491 804
326 21 32 486 820
327 21 107 572 3355
328 21 103 571 3161
329 21 45 506 964
330 21 101 567 3075
331 21 300 781 15597
332 21 300 787 15595
333 21 55 511 1379
334 21 17 476 292
335 21 67 528 1704
336 21 1 450 10003
337 21 1 452 1114
338 21 1 457 159
339 21 2 457 212
340 21 1 451 2503
341 21 1 453 628
342 21 55 510 1427
343 21 21 477 444
344 21 2 460 108
345 21 2 460 108
346 21 1 451 2503
347 21 39 500 789
348 21 5 463 133
349 22 9 461 1192
350 22 2 461 108
351 22 2 456 408
352 22 1 460 103
353 22 2 453 2508
354 22 32 485 1168
355 22 16 474 315
356 22 32 490 666
357 22 1 459 126
358 22 1 458 159
359 22 1 451 10003
360 22 1 455 403
361 22 1 459 126
362 22 1 451 10003
363 22 2 456 408
364 22 1 457 207
365 23 64 527 1595
366 23 144 610 5223
367 23 229 708 10408
368 23 300 784 15597
369 23 89 557 2549
370 23 300 790 15594
371 23 126 593 4277
372 23 18 479 311
373 23 300 783 15597
374 23 300 783 15597
375 23 2 455 1119
376 23 54 510 1468
377 23 99 564 2999
378 23 300 785 15596
379 23 29 487 624
380 23 9 462 1192
381 23 66 532 1647
382 23 279 761 13990
383 23 19 471 2748
384 23 10 466 372
385 23 109 570 3496
386 23 39 501 800
387 23 16 471 592
388 23 45 508 964
389 23 42 499 1020
390 23 12 464 2624
391 23 26 479 1508
392 23 300 786 15596
393 23 300 783 15597
394 23 2 462 108
395 23 132 597 4594
396 23 5 457 2533
397 24 40 503 828
398 24 47 504 1244
399 24 2 459 286
400 24 139 607 4950
401 24 181 655 7324
402 24 37 501 734
403 24 46 504 1140
404 24 20 474 1379
405 24 19 477 452
406 24 200 672 8507
407 24 46 506 1059
408 24 32 490 747
409 25 11 469 387
410 25 44 503 1079
411 25 46 504 1213
412 25 1 460 207
413 25 10 466 719
414 25 3 458 1126
415 25 7 464 455
416 25 91 562 2631
417 25 2 461 212
418 25 144 615 5211
419 25 21 477 913
420 26 300 784 15598
421 26 99 570 2985
422 26 27 486 698
423 26 107 579 3348
424 26 57 524 1342
425 26 102 575 3115
426 26 95 560 2847
427 26 21 485 371
428 26 79 548 2145
429 26 2 462 212
430 26 41 507 846
431 26 14 472 557
432 26 51 518 1143
433 26 2 459 633
434 27 3 461 640
435 27 42 509 875
436 27 30 488 1117
437 28 291 784 14899
438 28 2 464 212
439 28 294 783 15131
440 28 1 464 159
441 28 294 785 15130
442 28 287 779 14593
443 28 50 520 1105
444 28 287 771 14598
445 28 63 532 1551
446 28 230 711 10479
447 28 35 499 744
448 28 35 500 721
449 28 12 471 749
450 28 118 588 3889
451 28 40 507 828
452 28 20 481 546
453 28 7 466 680
454 28 12 472 524
455 28 2 458 10008
456 28 279 771 13987
457 29 40 505 882
458 29 13 477 296
459 29 20 484 424
460 29 226 713 10202
461 29 7 471 211
462 29 13 480 223
463 29 45 506 1305
464 29 40 501 1158
465 29 2 467 131
466 29 77 548 2071
467 29 50 512 1338
468 29 17 483 310
469 29 18 482 385
470 29 121 592 4037
471 29 59 525 1459
472 29 71 542 1839
473 29 34 503 653
474 29 300 790 15597
475 29 300 796 15594
476 29 2 461 1119
477 29 174 656 6900
478 29 40 502 1036
479 29 121 594 4027
480 29 13 477 296
481 30 17 480 488
482 30 49 514 1185
483 30 50 513 1338
484 30 48 511 1275
485 30 49 518 1098
486 30 25 493 457
487 30 36 506 707
488 30 74 540 2033
489 30 106 579 3313
490 31 29 498 551
491 31 300 797 15595
492 31 1 469 103
493 31 62 529 1588
494 31 58 527 1407
495 31 62 534 1515
496 31 38 504 858
497 31 6 474 144
498 31 76 551 2022
499 31 21 486 492
500 31 60 530 1463
501 31 36 507 707
502 31 36 501 852
503 31 34 501 718
504 31 300 796 15595
505 31 300 797 15595
506 31 53 524 1216
507 31 2 470 108
508 31 54 527 1234
509 31 55 520 1427
510 31 1 460 10003
511 32 23 490 487
512 32 2 464 1119
513 33 16 481 592
514 33 122 595 4101
515 33 7 468 10055
516 33 22 487 709
517 33 10 472 2594
518 33 38 503 1102
519 33 29 501 537
520 33 34 504 694
521 33 266 762 13022
522 33 240 726 11168
523 33 2 467 408
524 33 17 481 835
525 33 111 590 3536
526 33 37 504 879
527 33 36 501 1048
528 33 11 474 1220
529 33 1 465 628
530 34 300 794 15597
531 34 171 652 6733
532 34 39 504 1355
533 34 28 494 844
534 34 29 498 624
535 34 46 516 1059
536 34 14 477 2657
537 34 217 704 9604
538 34 34 508 653
539 34 79 548 2262
540 34 128 607 4375
541 34 19 488 404
542 34 51 525 1151
543 34 13 483 264
544 34 37 508 775
545 34 14 483 313
546 34 223 711 10004
547 34 300 799 15595
548 34 39 508 886
549 34 30 503 562
550 34 32 502 666
551 34 30 503 562
552 34 31 498 795
553 34 4 472 228
554 34 31 502 617
555 34 31 496 1142
556 34 31 502 617
557 34 8 472 1178
558 34 15 482 452
559 34 45 517 988
560 34 208 692 9018
561 34 39 512 800
562 34 2 473 108
563 34 96 573 2860
564 34 8 470 10067
565 34 39 511 813
566 34 16 479 2692
567 34 300 793 15598
568 34 31 496 1142
569 34 37 503 1075
570 34 193 677 8062
571 34 14 484 280
572 34 200 689 8498
573 35 66 535 1812
574 35 48 515 1397
575 35 89 566 2563
576 35 73 550 1915
577 35 74 550 1960
578 35 57 529 1391
579 35 122 597 4101
580 35 65 540 1631
581 35 73 551 1910
582 35 65 543 1611
583 35 90 570 2592
584 35 150 635 5530
585 35 48 518 1153
586 35 82 560 2266
587 35 83 555 2368
588 35 57 530 1373
589 35 151 633 5591
590 35 11 484 192
591 35 14 478 2657
592 35 41 517 838
593 35 56 533 1301
594 35 72 547 1891
595 35 53 530 1201
596 35 106 582 3325
597 35 106 586 3304
598 35 64 540 1587
599 35 102 578 3141
600 35 52 528 1175
601 35 3 469 640
602 35 75 548 2031
603 35 75 550 2007
604 35 84 563 2344
605 35 74 551 1954
606 35 73 552 1905
607 36 13 486 240
608 36 76 555 2026
609 36 6 479 144
610 36 58 527 1602
611 36 71 551 1829
612 36 31 499 917
613 36 70 545 1826
614 36 40 515 828
615 36 39 514 800
616 37 37 509 831
617 37 38 511 826
618 37 52 529 1184
619 37 1 475 103
620 37 30 498 1117
621 37 2 475 131
622 37 26 496 675
623 37 28 496 1069
624 37 2 474 164
625 37 31 502 721
626 37 1 474 126
627 38 23 494 608
628 38 1 472 280
629 38 4 479 124
630 38 11 487 192
631 38 14 484 557
632 38 39 510 1008
633 38 32 505 699
634 38 5 472 2533
635 38 2 475 164
636 38 147 628 5385
637 38 2 470 1119
638 38 2 470 1119
639 38 1 467 10003
640 38 2 470 1119
641 38 2 469 2508
642 38 2 475 164
643 39 16 491 315
644 39 23 497 487
645 39 179 669 7201
646 39 178 666 7145
647 39 170 660 6666
648 39 2 475 212
649 39 31 502 917
650 39 1 472 403
651 39 8 476 2567
652 39 23 501 400
653 39 1 475 159
654 39 1 469 2503
655 39 24 501 435
656 39 1 468 10003
657 39 201 696 8560
658 39 24 497 556
659 39 1 474 207
660 39 29 507 537
661 39 300 804 15595
662 39 1 470 1114
663 39 54 532 1259
664 39 28 498 1069
665 39 15 488 378
666 39 37 515 744
667 39 59 531 1637
668 39 60 537 1476
669 39 17 485 2710
670 39 1 475 159
671 39 2 470 2508
672 39 1 469 2503
673 39 1 470 1114
674 39 16 486 817
675 39 15 483 2674
676 39 108 586 3436
677 40 107 592 3351
678 40 2 473 633
679 40 49 528 1098
680 40 48 529 1048
681 40 32 510 625
682 40 81 561 2246
683 40 300 807 15594
684 40 300 799 15598
685 41 15 485 2674
686 41 16 492 348
687 41 31 503 1142
688 41 1 478 126
689 41 300 804 15596
690 41 29 503 746
691 41 15 494 256
692 41 38 514 858
693 41 70 547 1880
694 41 6 480 321
695 42 45 524 1005
696 42 109 598 3438
697 42 1 475 403
698 42 38 516 826
699 42 41 516 1065
700 42 45 523 1029
701 43 10 482 2594
702 43 73 554 1953
703 43 116 606 3773
704 43 30 507 697
705 43 4 483 147
706 43 86 570 2443
707 43 10 484 719
708 43 35 511 898
709 43 10 484 719
710 43 87 573 2473
711 43 6 480 669
712 43 257 757 12371
713 43 184 679 7503
714 43 7 484 259
715 43 93 576 2749
716 44 1 476 628
717 44 210 707 9144
718 45 101 584 3127
719 45 1 478 403
720 45 118 605 3889
721 45 118 611 3868
722 45 108 598 3397
723 45 134 622 4692
724 45 135 626 4733
725 45 10 493 177
726 45 153 649 5694
727 45 3 478 1126
728 45 109 596 3458
729 45 15 496 297
730 45 23 504 454
731 45 79 564 2165
732 45 123 615 4117
733 46 35 520 690
734 46 35 512 1246
735 46 72 554 1956
736 46 89 576 2569
737 46 30 515 562
738 46 18 496 629
739 46 103 590 3187
740 46 102 589 3141
741 46 103 588 3205
742 47 34 518 694
743 47 2 480 633
744 47 29 511 624
745 47 27 504 1531
746 47 26 511 480
747 47 21 498 1399
748 47 14 491 1268
749 47 21 502 492
750 47 26 510 497
751 47 31 510 917
752 47 29 510 672
753 47 22 502 587
754 47 1 485 103
755 47 1 481 280
756 47 5 483 658
757 47 1 477 2503
758 48 62 545 1620
759 48 24 503 977
760 48 130 624 4474
761 48 13 496 296
762 48 43 528 945
763 48 42 531 867
764 48 22 509 379
765 48 46 526 1335
766 48 20 505 368
767 48 196 697 8246
768 48 44 527 1031
769 48 144 641 5204
770 48 21 505 412
771 48 53 539 1240
772 48 131 620 4549
773 48 61 549 1488
774 48 21 504 444
775 48 61 543 1633
776 48 45 533 964
777 48 11 490 734
778 48 20 501 546
779 48 43 531 905
780 48 5 481 10033
781 48 2 483 286
782 49 58 546 1394
783 49 44 525 1275
784 49 52 535 1329
785 49 1 487 103
786 49 106 595 3333
787 50 49 533 1233
788 50 1 483 403
789 50 49 538 1098
790 50 75 564 2018
791 50 2 480 10008
792 51 100 592 3051
793 51 41 526 991
794 51 79 573 2145
795 51 15 495 2674
796 51 47 533 1122
797 52 7 496 155
798 52 22 506 709
799 52 18 506 352
800 52 18 503 506
801 52 40 526 963
802 52 293 807 15054
803 52 295 806 15210
804 52 1 485 403
805 52 300 814 15596
806 52 300 813 15597
807 52 34 526 653
808 52 300 810 15598
809 52 30 513 1117
810 52 1 488 159
811 53 32 524 612
812 53 21 508 492
813 53 52 540 1281
814 53 15 499 799
815 53 15 501 452
816 53 14 499 557
817 53 10 500 194
818 53 27 511 1045
819 53 25 511 652
820 53 12 496 749
821 53 2 485 1119
822 53 1 491 103
823 53 7 496 179
824 53 33 517 1193
825 53 14 502 313
826 53 32 519 747
827 54 52 542 1248
828 54 101 597 3089
829 54 85 580 2402
830 54 31 517 917
831 54 85 582 2390
832 54 35 525 744
833 54 1 490 159
834 54 44 531 1153
835 54 18 507 385
836 54 30 524 552
837 54 78 575 2105
838 54 37 523 1075
839 54 61 552 1529
840 54 60 551 1494
841 55 2 491 212
842 55 1 488 403
843 55 28 520 544
844 55 8 491 10067
845 55 52 548 1175
846 55 52 549 1169
847 55 66 562 1659
848 56 300 815 15598
849 56 300 822 15595
850 56 1 493 126
851 56 13 502 418
852 56 1 493 126
853 56 300 814 15598
854 56 24 516 476
855 56 22 513 465
856 56 29 517 868
857 56 30 518 892
858 57 2 496 108
859 57 39 536 789
860 58 23 511 1442
861 58 30 527 562
862 58 12 508 207
863 58 2 497 108
864 58 52 547 1224
865 58 44 540 958
866 58 4 490 10024
867 58 52 549 1194
868 59 139 648 4935
869 59 38 531 906
870 59 95 592 2860
871 59 1 492 403
872 59 8 503 191
873 60 48 542 1201
874 60 25 524 444
875 60 69 569 1778
876 60 70 572 1801
877 60 40 539 828
878 60 25 518 652
879 60 59 559 1418
880 60 62 557 1620
881 61 1 490 10003
882 61 52 547 1329
883 61 18 512 506
884 61 16 506 2692
885 61 25 525 444
886 61 84 581 2433
887 61 35 532 744
888 61 32 525 943
889 61 24 517 752
890 62 2 495 633
891 63 20 517 472
892 63 11 508 313
893 63 39 539 830
894 63 9 505 358
895 63 32 533 625
896 63 40 536 1036
897 63 257 775 12372
898 63 10 505 494
899 63 13 505 2640
900 63 54 553 1313
901 63 274 793 13618
902 63 5 497 2533
903 63 2 500 164
904 64 23 519 730
905 64 81 585 2246
906 64 219 734 9740
907 64 51 553 1175
908 64 17 516 366
909 64 51 549 1296
910 64 9 505 481
911 64 66 566 1732
912 64 194 712 8120
913 64 36 532 1048
914 65 1 497 628
915 65 135 647 4730
916 65 1 495 2503
917 65 18 514 854
918 65 8 503 1178
919 65 18 519 352
920 65 41 547 838
921 65 19 520 371
922 65 121 630 4027
923 65 60 565 1453
924 65 18 515 629
925 65 26 528 497
926 65 17 513 835
927 65 35 540 680
928 65 43 545 945
929 65 17 519 310
930 65 36 539 730
931 66 32 531 820
932 66 32 529 1168
933 66 109 614 3483
934 66 101 610 3084
935 66 1 501 207
936 67 15 513 799
937 67 40 539 1158
938 67 32 535 666
939 67 2 506 108
940 67 9 512 204
941 67 2 502 286
942 67 18 514 2729
943 67 11 513 265
944 67 7 508 259
945 67 39 541 886
946 67 28 528 722
947 67 27 524 1531
948 67 40 539 1158
949 67 34 537 718
950 68 37 536 1300
951 68 2 504 212
952 68 273 796 13544
953 68 34 541 664
954 68 1 500 628
955 68 4 507 180
956 68 16 521 292
957 68 39 540 1008
958 68 114 622 3710
959 68 38 542 826
960 68 93 606 2721
961 69 14 520 257
962 69 39 542 934
963 69 25 526 775
964 69 186 704 7630
965 69 1 505 159
966 69 36 536 1273
967 69 15 518 378
968 69 15 518 378
969 70 140 660 4988
970 70 6 507 669
971 70 21 529 371
972 70 30 540 552
973 70 136 655 4778
974 70 98 605 3010
975 70 139 659 4935
976 70 30 532 892
977 70 18 518 1340
978 70 17 525 292
979 70 15 520 330
980 70 22 529 409
981 70 172 694 6783
982 70 1 506 159
983 70 39 540 1355
984 70 7 505 10055
985 71 39 548 813
986 71 2 510 108
987 71 45 555 975
988 71 3 503 2515
989 71 87 596 2517
990 71 86 602 2423
991 71 17 523 366
992 71 77 583 2183
993 71 90 605 2596
994 72 28 532 844
995 72 46 555 1035
996 72 4 510 228
997 72 10 516 298
998 72 10 515 372
999 72 18 527 329
1000 72 17 526 310
1001 72 31 539 641
1002 72 28 531 1069
1003 72 27 536 520
1004 72 34 543 694
1005 72 25 534 475
1006 73 5 514 156
1007 73 2 509 212
1008 73 132 654 4570
1009 73 118 634 3884
1010 73 183 710 7440
1011 73 17 522 610
1012 73 171 697 6723
1013 73 204 732 8753
1014 73 255 786 12226
1015 73 17 521 835
1016 73 30 538 649
1017 73 20 528 424
1018 73 47 552 1366
1019 73 11 518 313
1020 74 132 649 4588
1021 74 6 511 669
1022 74 1 510 159
1023 75 24 531 752
1024 75 2 512 164
1025 75 39 547 1008
1026 75 138 655 4907
1027 75 45 555 1061
1028 75 25 534 579
1029 75 152 679 5637
1030 75 8 515 467
1031 75 20 526 893
1032 75 157 684 5917
1033 75 141 663 5047
1034 75 141 665 5043
1035 75 151 673 5591
1036 75 2 506 2508
1037 75 16 522 817
1038 75 16 521 1303
1039 76 108 628 3401
1040 76 108 624 3426
1041 76 1 505 10003
1042 76 32 541 820
1043 76 101 617 3104
1044 76 15 529 256
1045 77 6 516 321
1046 77 3 509 2515
1047 77 1 512 207
1048 77 55 568 1347
1049 77 30 542 649
1050 77 1 513 159
1051 78 45 562 975
1052 78 4 514 424
1053 78 18 525 2729
1054 78 269 804 13246
1055 78 34 544 994
1056 78 38 549 980
1057 78 14 528 280
1058 78 16 530 315
1059 78 69 590 1758
1060 78 10 525 194
1061 78 242 773 11308
1062 78 63 575 1704
1063 78 124 648 4170
1064 78 47 557 1366
1065 78 2 509 2508
1066 79 14 523 1268
1067 79 62 580 1534
1068 79 300 839 15597
1069 79 8 515 10067
1070 80 17 535 292
1071 80 110 631 3512
1072 80 17 531 414
1073 80 18 531 506
1074 80 15 528 452
1075 80 22 534 709
1076 80 15 533 256
1077 80 14 527 434
1078 80 22 539 409
1079 80 15 532 274
1080 80 140 668 4992
1081 80 141 663 5067
1082 80 133 656 4640
1083 80 78 594 2190
1084 80 2 513 633
1085 80 167 692 6505
1086 80 167 698 6491
1087 80 167 700 6489
1088 80 86 603 2492
1089 80 110 637 3486
1090 80 111 639 3531
1091 81 15 531 330
1092 81 16 526 2692
1093 81 2 517 212
1094 81 99 621 3006
1095 81 14 524 2657
1096 81 1 519 103
1097 81 71 591 1864
1098 81 56 575 1339
1099 82 43 561 969
1100 83 34 551 798
1101 83 2 519 212
1102 83 50 572 1130
1103 83 115 640 3744
1104 83 248 792 11725
1105 83 80 608 2177
1106 83 87 611 2485
1107 83 76 596 2087
1108 83 103 625 3205
1109 83 35 552 825
1110 83 5 516 10033
1111 83 80 608 2177
1112 83 250 795 11866
1113 83 101 623 3114
1114 83 10 530 194
1115 83 2 518 286
1116 83 11 527 387
