1 0 0 0 0
2 0 0 0 0
3 0 0 0 0
4 0 0 0 0
5 0 0 0 0
6 0 0 0 0
7 0 0 0 0
8 0 0 0 0
9 0 0 0 0
10 0 0 0 0
11 0 0 0 0
12 0 0 0 0
13 0 0 0 0
14 0 0 0 0
15 0 0 0 0
16 0 0 0 0
17 0 0 0 0
18 0 0 0 0
19 0 0 0 0
20 0 0 0 0
21 0 0 0 0
22 0 0 0 0
23 0 0 0 0
24 0 0 0 0
25 0 0 0 0
26 0 0 0 0
27 0 0 0 0
28 0 0 0 0
29 0 0 0 0
30 0 0 6 277
31 0 0 0 0
32 0 0 0 0
33 0 0 0 0
34 0 0 0 0
35 0 0 0 0
36 0 0 0 0
37 0 0 0 0
38 0 0 0 0
39 0 0 0 0
40 0 0 0 0
41 0 0 0 0
42 0 0 0 0
43 0 1 766 628
44 0 0 0 0
45 0 0 0 0
46 0 0 0 0
47 0 0 0 0
48 0 0 0 0
49 0 0 0 0
50 0 0 0 0
51 0 0 0 0
52 0 0 0 0
53 0 0 0 0
54 0 0 0 0
55 0 0 0 0
56 0 0 0 0
57 0 0 0 0
58 0 0 0 0
59 1 152 933 5649
60 1 39 806 1130
61 1 2 767 1119
62 1 11 781 265
63 1 10 774 2594
64 1 16 786 348
65 1 32 805 625
66 1 1 767 628
67 1 133 909 4652
68 1 15 786 297
69 1 38 806 980
70 1 107 885 3359
71 1 12 777 1235
72 1 40 816 809
73 1 18 784 854
74 1 20 791 391
75 1 149 931 5481
76 2 1 774 103
77 2 17 790 310
78 2 13 778 2640
79 2 100 876 3059
80 2 12 780 524
81 2 1 772 159
82 2 16 786 396
83 2 55 826 1379
84 2 53 824 1313
85 2 59 836 1410
86 3 5 772 1144
87 3 39 816 789
88 3 46 816 1213
89 3 23 793 608
90 3 6 780 144
91 3 7 773 2555
92 3 3 774 219
93 3 2 770 633
94 3 38 813 785
95 3 1 775 103
96 4 4 774 424
97 4 13 787 264
98 4 55 834 1274
99 4 37 810 831
100 4 247 1040 11658
101 4 1 768 2503
102 5 123 904 4136
103 5 58 836 1394
104 5 129 911 4434
105 5 137 917 4861
106 5 215 1003 9478
107 5 2 775 212
108 5 20 790 893
109 5 31 806 641
110 5 39 814 854
111 5 8 779 467
112 6 47 826 1036
113 6 92 875 2686
114 7 2 780 108
115 7 1 777 159
116 7 60 838 1494
117 7 92 876 2686
118 8 52 832 1207
119 8 30 805 770
120 8 3 778 293
121 8 1 775 403
122 8 13 791 264
123 8 288 1090 14671
124 9 275 1076 13691
125 9 199 994 8437
126 9 88 871 2535
127 9 5 776 10033
128 9 9 787 237
129 9 46 827 1018
130 9 300 1105 15596
131 9 300 1102 15598
132 9 46 824 1092
133 9 12 788 402
134 9 4 783 147
135 9 14 794 257
136 9 13 793 240
137 10 26 800 1508
138 10 300 1106 15596
139 10 27 806 577
140 10 64 850 1580
141 10 26 809 467
142 10 1 774 2503
143 10 26 804 601
144 10 34 815 694
145 10 27 807 544
146 10 26 802 797
147 10 203 1004 8688
148 10 183 978 7444
149 10 9 789 204
150 10 300 1108 15595
151 10 31 806 1142
152 10 121 907 4037
153 10 90 880 2589
154 10 32 814 625
155 11 41 825 857
156 11 128 919 4372
157 11 73 853 2027
158 11 34 811 994
159 11 42 825 899
160 11 1 776 1114
161 11 4 779 1135
162 11 152 947 5640
163 11 2 777 1119
164 11 1 781 159
165 11 129 915 4446
166 11 40 826 809
167 11 127 912 4352
168 11 34 819 653
169 11 97 883 2917
170 11 44 830 926
171 11 28 808 600
172 11 42 820 1094
173 13 3 781 640
174 13 33 817 668
175 13 1 781 280
176 13 26 810 497
177 13 14 796 313
178 13 30 815 575
179 13 38 817 1102
180 13 23 801 955
181 13 22 804 465
182 13 31 818 576
183 13 39 824 813
184 13 24 808 452
185 13 17 796 610
186 14 43 831 905
187 14 262 1064 12736
188 14 19 801 452
189 14 12 797 224
190 14 210 1007 9150
191 14 94 888 2761
192 14 61 846 1529
193 14 87 880 2465
194 14 201 999 8567
195 14 300 1107 15598
196 14 268 1078 13170
197 14 71 858 1864
198 14 2 787 108
199 15 41 827 887
200 15 50 838 1130
201 15 209 1015 9075
202 15 69 858 1778
203 15 35 816 1021
204 15 50 835 1184
205 15 39 827 800
206 16 1 780 2503
207 16 87 878 2485
208 16 63 856 1539
209 16 121 919 4015
210 16 27 811 624
211 16 1 787 126
212 16 7 786 2555
213 17 1 780 10003
214 17 300 1113 15596
215 17 300 1113 15596
216 17 49 836 1152
217 17 1 783 628
218 17 38 820 1327
219 18 300 1116 15595
220 18 29 815 672
221 18 39 829 813
222 18 300 1116 15595
223 18 300 1113 15597
224 18 14 800 361
225 18 5 794 133
226 18 4 786 1135
227 19 58 850 1394
228 19 2 786 633
229 19 11 802 192
230 19 245 1058 11513
231 19 59 846 1563
232 19 36 823 852
233 19 45 838 964
234 19 47 840 1025
235 19 66 856 1708
236 19 40 830 858
237 19 23 813 430
238 19 30 823 552
239 19 2 788 286
240 19 263 1078 12803
241 19 135 930 4750
242 19 1 786 403
243 19 9 797 237
244 19 20 808 424
245 19 300 1119 15595
246 19 26 816 497
247 19 5 787 2533
248 20 32 825 612
249 20 59 854 1410
250 20 32 825 612
251 20 32 825 612
252 20 41 831 911
253 20 49 835 1429
254 20 24 814 476
255 20 116 912 3792
256 21 27 819 520
257 21 300 1114 15598
258 21 1 793 103
259 21 300 1113 15598
260 21 2 788 633
261 21 32 818 1168
262 21 11 798 509
263 21 3 790 415
264 21 26 817 521
265 21 37 830 757
266 21 29 823 537
267 21 300 1120 15595
268 22 17 802 2710
269 22 2 793 164
270 22 300 1116 15597
271 22 300 1116 15597
272 22 300 1123 15594
273 22 58 853 1394
274 22 22 812 513
275 22 58 856 1369
276 22 15 805 378
277 22 47 839 1090
278 22 40 833 858
279 22 300 1116 15597
280 23 22 811 709
281 23 41 834 911
282 23 1 793 159
283 23 3 795 171
284 23 1 791 280
285 23 300 1119 15596
286 23 300 1123 15595
287 23 40 830 1036
288 23 1 794 126
289 23 16 811 274
290 23 6 794 669
291 23 8 799 271
292 23 182 993 7379
293 24 51 842 1370
294 24 181 987 7327
295 24 35 825 1021
296 24 31 820 1142
297 24 300 1121 15596
298 24 300 1117 15598
299 24 92 888 2729
300 25 7 800 259
301 25 11 807 209
302 25 84 879 2433
303 25 176 985 7023
304 26 1 793 403
305 26 66 866 1667
306 26 66 862 1732
307 26 31 827 641
308 26 33 832 638
309 27 204 1015 8760
310 27 300 1123 15596
311 27 1 796 207
312 27 35 829 898
313 27 43 844 905
314 27 300 1123 15596
315 27 300 1126 15595
316 27 33 827 846
317 27 17 811 488
318 27 54 848 1468
319 27 60 861 1453
320 27 18 817 311
321 28 300 1121 15598
322 28 1 797 207
323 28 300 1123 15597
324 28 7 801 455
325 28 6 802 248
326 28 300 1125 15596
327 28 29 829 551
328 28 27 822 698
329 28 14 808 557
330 28 20 821 337
331 28 14 811 313
332 28 18 818 311
333 28 19 811 1359
334 28 1 800 103
335 28 22 820 433
336 28 300 1120 15598
337 28 300 1124 15596
338 28 300 1123 15597
339 28 300 1120 15598
340 28 300 1121 15598
341 28 20 815 546
342 28 300 1121 15598
343 28 300 1128 15595
344 28 300 1120 15598
345 28 300 1129 15594
346 28 92 891 2747
347 28 4 798 424
348 28 4 800 228
349 28 65 867 1631
350 28 22 814 1420
351 29 40 843 818
352 29 59 863 1410
353 29 2 796 633
354 29 18 812 854
355 29 9 809 181
356 29 13 814 223
357 29 28 827 567
358 29 22 815 1420
359 29 59 857 1515
360 29 38 839 785
361 29 42 843 899
362 29 134 940 4692
363 29 259 1082 12513
364 29 27 829 490
365 29 9 806 285
366 29 290 1115 14823
367 29 263 1087 12804
368 29 300 1123 15597
369 29 195 1014 8180
370 29 3 796 1126
371 29 58 854 1602
372 29 211 1032 9205
373 29 57 861 1342
374 29 14 814 257
375 29 5 803 189
376 29 66 864 1764
377 29 23 817 955
378 29 221 1038 9869
379 29 7 799 2555
380 29 300 1130 15594
381 29 23 825 400
382 29 69 871 1788
383 29 38 833 1102
384 30 300 1122 15598
385 30 300 1124 15597
386 30 53 854 1257
387 30 45 841 1305
388 30 21 816 913
389 30 18 817 385
390 30 6 800 1155
391 30 46 844 1140
392 30 300 1126 15596
393 30 300 1122 15598
394 30 226 1044 10206
395 30 19 812 2748
396 30 49 852 1098
397 31 55 857 1323
398 31 68 876 1721
399 31 33 831 846
400 31 48 850 1097
401 31 91 898 2648
402 31 12 806 2624
403 31 148 957 5436
404 32 300 1133 15594
405 32 300 1130 15595
406 32 300 1126 15597
407 32 24 825 508
408 32 300 1125 15598
409 32 25 825 579
410 32 15 819 256
411 32 33 830 1193
412 32 17 820 310
413 32 1 798 628
414 32 84 894 2344
415 32 77 880 2127
416 32 32 829 1168
417 32 49 851 1152
418 33 28 829 648
419 33 44 852 926
420 33 11 812 313
421 33 19 818 648
422 33 4 803 424
423 33 31 838 576
424 33 30 830 770
425 33 34 832 1219
426 33 25 827 531
427 33 18 814 2729
428 33 34 838 694
429 33 32 833 747
430 33 27 833 490
431 34 300 1131 15596
432 34 300 1129 15597
433 34 2 799 2508
434 34 4 807 180
435 34 300 1130 15596
436 34 300 1129 15597
437 34 9 806 2581
438 34 26 828 601
439 34 71 880 1845
440 34 300 1130 15596
441 34 300 1126 15598
442 34 300 1129 15597
443 34 300 1134 15595
444 34 42 848 899
445 34 19 824 348
446 34 37 844 744
447 34 30 837 562
448 34 11 810 734
449 34 37 845 734
450 34 300 1134 15595
451 34 37 844 744
452 34 45 847 1109
453 34 38 838 1102
454 34 189 1005 7817
455 34 38 841 858
456 34 16 813 2692
457 34 26 830 521
458 34 1 799 1114
459 34 300 1128 15597
460 34 55 865 1268
461 35 17 823 310
462 35 1 806 126
463 35 300 1130 15597
464 35 11 812 509
465 35 1 801 628
466 35 37 837 1300
467 35 26 829 601
468 36 21 828 388
469 36 23 832 400
470 36 73 881 1953
471 36 39 843 934
472 36 37 841 879
473 36 110 919 3530
474 36 29 838 537
475 36 51 861 1151
476 36 66 878 1653
477 36 5 809 237
478 36 300 1128 15598
479 36 102 918 3118
480 36 89 901 2563
481 36 157 977 5920
482 37 47 852 1170
483 37 98 911 2954
484 37 300 1135 15595
485 37 10 812 719
486 37 129 943 4434
487 37 57 867 1360
488 37 1 805 280
489 37 40 851 818
490 37 61 873 1480
491 37 53 866 1201
492 37 21 828 412
493 37 300 1129 15598
494 38 167 989 6493
495 38 20 826 472
496 38 18 820 1340
497 38 11 812 2609
498 38 300 1134 15596
499 38 279 1114 13988
500 38 1 808 159
501 38 1 801 10003
502 38 1 809 126
503 38 285 1115 14444
504 39 1 808 207
505 39 1 806 403
506 39 300 1135 15596
507 39 300 1140 15594
508 39 2 812 108
509 39 8 813 467
510 39 12 821 248
511 39 300 1136 15596
512 39 300 1133 15597
513 39 111 932 3531
514 39 24 831 556
515 39 23 831 487
516 39 16 819 1303
517 39 10 821 177
518 39 69 884 1763
519 39 1 809 159
520 39 44 850 1153
521 39 38 842 1327
522 39 51 860 1216
523 39 12 822 224
524 39 34 840 872
525 39 51 866 1137
526 39 2 806 633
527 39 67 883 1684
528 39 132 953 4572
529 40 42 857 867
530 40 84 899 2360
531 40 29 836 746
532 40 300 1137 15596
533 40 300 1134 15597
534 40 300 1140 15595
535 40 300 1139 15595
536 40 59 875 1404
537 40 300 1141 15594
538 40 53 861 1361
539 40 27 839 503
540 40 25 829 1486
541 40 300 1139 15595
542 40 300 1137 15596
543 41 1 806 1114
544 41 21 827 913
545 41 4 809 1135
546 41 11 821 265
547 41 2 814 108
548 41 30 837 892
549 41 30 836 1117
550 41 30 838 770
551 41 28 833 1555
552 41 300 1142 15594
553 41 46 857 1059
554 41 37 846 879
555 41 1 804 10003
556 42 71 889 1839
557 42 45 856 1061
558 42 45 854 1183
559 42 11 817 1220
560 42 73 893 1905
561 42 36 843 1273
562 42 43 855 969
563 42 300 1141 15595
564 42 65 882 1623
565 42 18 829 385
566 42 17 827 414
567 43 20 834 368
568 43 1 810 403
569 43 1 806 10003
570 43 1 812 207
571 43 29 840 672
572 44 107 932 3345
573 44 72 886 1956
574 44 40 850 1158
575 44 12 820 1235
576 44 32 844 747
577 44 29 844 568
578 44 141 968 5043
579 44 21 831 688
580 44 1 813 207
581 44 112 933 3594
582 44 33 847 692
583 44 14 823 782
584 44 126 944 4302
585 44 125 945 4237
586 44 40 859 809
587 44 40 850 1158
588 44 226 1063 10202
589 44 105 930 3252
590 44 44 861 945
591 44 158 987 5975
592 44 42 857 916
593 44 51 870 1143
594 44 27 837 820
595 44 43 859 928
596 44 24 832 1463
597 44 83 903 2312
598 44 4 816 228
599 44 82 900 2286
600 44 11 824 265
601 44 152 975 5652
602 44 265 1105 12949
603 44 136 961 4783
604 44 136 955 4809
605 44 11 818 2609
606 45 39 857 800
607 45 99 922 2989
608 45 8 819 467
609 45 14 827 361
610 45 15 824 1285
611 45 41 852 1187
612 45 1 811 628
613 46 167 999 6490
614 46 31 845 721
615 46 42 859 916
616 46 16 833 292
617 46 14 830 280
618 46 22 841 379
619 46 86 907 2443
620 46 16 832 315
621 46 127 956 4314
622 46 16 825 2692
623 46 39 856 830
624 46 17 833 333
625 46 39 856 830
626 46 68 886 1764
627 46 163 987 6277
628 46 163 993 6262
629 47 78 897 2149
630 47 38 859 761
631 47 68 884 1838
632 47 10 824 372
633 47 65 887 1623
634 47 2 819 131
635 47 75 898 1993
636 47 1 819 103
637 47 10 827 218
638 47 74 893 1992
639 47 94 920 2764
640 47 93 914 2749
641 48 45 859 1305
642 48 31 853 576
643 48 1 819 126
644 48 300 1148 15595
645 48 277 1119 13839
646 49 91 920 2631
647 49 86 905 2516
648 49 272 1117 13465
649 49 161 997 6143
650 49 269 1106 13249
651 49 24 845 435
652 49 10 825 494
653 49 36 851 1048
654 49 37 858 757
655 49 28 844 722
656 49 67 888 1727
657 49 30 852 562
658 49 20 836 546
659 49 33 849 846
660 49 10 826 372
661 49 11 826 509
662 49 9 827 237
663 49 73 892 1994
664 49 12 826 749
665 49 42 859 1020
666 49 37 860 734
667 50 17 837 333
668 50 42 858 1216
669 50 164 999 6318
670 50 87 908 2534
671 50 111 935 3567
672 50 141 968 5061
673 50 119 949 3922
674 50 22 837 934
675 50 102 928 3134
676 50 51 869 1296
677 50 51 873 1175
678 50 57 881 1350
679 50 35 851 1021
680 50 4 818 1135
681 51 50 872 1160
682 51 111 936 3567
683 51 13 832 344
684 51 120 953 3966
685 51 50 868 1338
686 52 37 860 775
687 52 5 821 1144
688 52 61 890 1468
689 52 19 836 873
690 52 46 866 1140
691 52 36 853 1273
692 52 60 881 1550
693 52 18 841 329
694 52 56 875 1534
695 52 45 871 964
696 52 81 907 2246
697 52 23 845 454
698 52 87 918 2465
699 52 88 911 2576
700 52 106 936 3308
701 53 300 1151 15595
702 53 300 1154 15594
703 53 300 1145 15598
704 53 300 1152 15595
705 53 31 855 617
706 53 5 820 10033
707 53 39 864 813
708 53 1 817 2503
709 53 8 832 167
710 53 7 826 455
711 53 300 1152 15595
712 53 20 846 337
713 53 32 857 625
714 53 27 847 698
715 53 18 840 385
716 53 33 855 724
717 53 1 822 207
718 53 37 860 798
719 54 1 817 10003
720 54 180 1022 7258
721 54 6 827 321
722 54 115 945 3744
723 54 1 822 280
724 54 18 836 1340
725 54 230 1073 10477
726 54 246 1095 11583
727 55 44 868 1031
728 55 211 1050 9213
729 55 124 959 4170
730 55 28 853 567
731 55 24 847 556
732 55 96 925 2880
733 55 34 854 1219
734 55 8 832 224
735 55 33 855 846
736 55 24 845 752
737 55 16 836 817
738 55 15 838 378
739 55 1 826 126
740 55 214 1055 9407
741 55 81 914 2221
742 55 45 875 956
743 55 112 944 3594
744 55 44 870 975
745 55 32 857 666
746 55 105 936 3272
747 56 77 904 2127
748 56 95 925 2837
749 56 65 892 1672
750 56 52 878 1248
751 56 112 942 3615
752 56 39 867 813
753 56 71 901 1853
754 56 78 909 2117
755 56 95 929 2812
756 56 1 823 403
757 56 110 939 3530
758 56 14 842 239
759 56 129 964 4426
760 56 85 913 2433
761 56 81 914 2226
762 56 5 832 133
763 56 80 909 2216
764 56 21 845 492
765 56 90 921 2612
766 56 15 837 574
767 56 60 892 1438
768 57 73 899 2027
769 57 79 913 2145
770 57 1 820 10003
771 57 58 886 1425
772 57 65 891 1728
773 57 27 849 1045
774 57 21 845 566
775 57 2 826 286
776 57 8 836 167
777 57 31 856 721
778 57 31 861 587
779 57 51 878 1216
780 57 80 913 2191
781 57 30 859 575
782 57 90 923 2605
783 57 48 871 1397
784 57 25 847 1000
785 57 4 828 301
786 57 63 896 1544
787 57 72 901 1915
788 58 6 831 321
789 58 55 889 1268
790 58 3 832 115
791 58 47 871 1366
792 58 23 851 454
793 58 23 850 487
794 58 28 853 722
795 58 33 864 638
796 58 30 853 1117
797 58 19 845 452
798 58 26 849 1022
799 58 39 866 886
800 59 6 833 248
801 59 261 1114 12658
802 59 35 867 690
803 59 32 858 820
804 59 3 827 640
805 59 12 834 2624
806 59 15 841 452
807 59 264 1118 12877
808 59 271 1121 13394
809 59 262 1113 12732
810 59 58 884 1602
811 59 12 835 1235
812 59 10 841 177
813 59 279 1133 13989
814 59 2 825 1119
815 59 34 860 872
816 59 119 952 3953
817 59 40 873 818
818 59 58 884 1602
819 59 16 843 396
820 59 66 899 1667
821 59 11 833 2609
822 59 14 841 361
823 59 42 868 1094
824 59 1 829 159
825 59 33 860 772
826 59 51 884 1151
827 59 32 856 1168
828 59 36 860 1273
829 59 282 1138 14214
830 59 24 850 630
831 59 35 859 1246
832 60 96 932 2866
833 60 191 1041 7930
834 60 44 878 934
835 60 35 860 1246
836 60 36 867 748
837 60 90 929 2592
838 60 113 949 3648
839 60 202 1048 8628
840 60 52 883 1224
841 60 207 1051 8953
842 60 201 1045 8567
843 60 52 883 1224
844 60 52 886 1184
845 60 34 861 872
846 60 42 877 867
847 60 43 873 969
848 60 6 831 669
849 61 79 918 2141
850 61 46 874 1213
851 61 44 875 999
852 61 44 871 1275
853 61 63 899 1551
854 61 54 888 1259
855 61 63 900 1544
856 61 70 909 1791
857 61 64 900 1587
858 61 46 876 1092
859 61 84 918 2379
860 61 44 874 1031
861 61 77 908 2150
862 61 45 880 964
863 61 36 868 748
864 61 138 982 4884
865 61 62 898 1515
866 61 77 912 2086
867 61 36 869 730
868 61 157 996 5936
869 61 53 886 1240
870 61 55 887 1323
871 61 157 997 5932
872 61 83 916 2351
873 61 64 897 1618
874 61 53 884 1280
875 61 56 892 1308
876 61 62 892 1620
877 61 54 886 1290
878 61 13 845 240
879 61 1 825 2503
880 61 36 864 925
881 61 62 893 1588
882 61 71 904 1877
883 62 32 865 643
884 62 32 867 612
885 62 1 830 280
886 63 15 847 330
887 63 1 834 126
888 63 9 834 10081
889 63 12 847 207
890 63 15 850 256
891 63 14 844 434
892 63 1 826 10003
893 63 38 872 802
894 63 37 874 734
895 63 11 846 192
896 63 40 870 1036
897 63 2 829 1119
898 64 4 839 124
899 64 14 844 557
900 64 11 839 1220
901 65 300 1164 15595
902 65 52 891 1184
903 65 48 883 1121
904 65 70 912 1796
905 65 49 889 1080
906 65 39 875 830
907 65 300 1160 15597
908 65 300 1164 15595
909 65 209 1057 9085
910 65 1 830 1114
911 65 37 869 952
912 65 152 995 5656
913 65 194 1045 8122
914 66 34 865 1219
915 66 17 855 292
916 66 44 876 1275
917 67 83 920 2391
918 67 2 835 408
919 67 35 868 1021
920 67 15 846 1285
921 67 66 905 1691
922 67 23 861 430
923 67 1 833 628
924 67 80 918 2246
925 68 70 914 1801
926 68 25 859 775
927 68 40 877 915
928 68 51 886 1370
929 68 51 889 1216
930 68 43 878 1123
931 68 49 888 1129
932 68 31 866 795
933 68 30 870 575
934 68 19 855 452
935 68 35 874 721
936 68 29 866 624
937 68 11 846 387
938 68 11 848 265
939 68 23 857 730
940 68 17 849 1321
941 68 7 844 211
942 68 11 844 734
943 68 89 931 2578
944 68 1 832 2503
945 69 300 1163 15597
946 69 10 843 1205
947 69 55 891 1501
948 69 12 847 524
949 69 18 856 385
950 69 2 834 2508
951 69 10 844 719
952 69 18 852 854
953 69 52 895 1184
954 69 255 1120 12224
955 69 5 843 189
956 69 300 1165 15596
957 69 213 1071 9338
958 69 69 909 1819
959 69 279 1144 13988
960 69 87 928 2517
961 69 22 864 379
962 69 39 878 854
963 69 87 934 2469
964 69 48 888 1097
965 69 16 854 348
966 70 41 882 887
967 70 224 1078 10076
968 70 1 833 10003
969 70 204 1059 8758
970 70 8 844 467
971 71 81 930 2221
972 71 2 840 286
973 71 12 848 749
974 71 4 843 228
975 71 50 894 1130
976 71 119 963 3963
977 72 57 899 1414
978 72 43 883 1049
979 72 67 915 1689
980 72 82 931 2266
981 72 89 939 2553
982 72 84 926 2433
983 72 101 951 3079
984 72 89 931 2642
985 72 108 957 3406
986 72 102 955 3115
987 73 2 837 10008
988 73 32 871 943
989 73 36 874 1273
990 73 38 881 826
991 73 29 874 551
992 73 31 874 641
993 73 26 868 553
994 73 136 991 4780
995 74 1 840 628
996 74 4 848 147
997 74 275 1140 13692
998 74 30 872 697
999 74 87 931 2557
1000 74 13 857 264
1001 74 15 859 297
1002 74 10 854 218
1003 74 122 976 4070
1004 74 30 878 552
1005 74 11 849 1220
1006 74 242 1103 11308
1007 74 2 847 108
1008 75 1 839 2503
1009 75 2 839 10008
1010 75 10 856 194
1011 75 211 1078 9205
1012 75 212 1078 9271
1013 75 17 863 310
1014 75 79 923 2262
1015 75 19 860 648
1016 75 41 889 857
1017 75 92 938 2747
1018 75 82 933 2272
1019 75 83 937 2299
1020 75 50 894 1216
1021 76 300 1174 15595
1022 76 117 974 3821
1023 76 52 903 1175
1024 76 132 988 4577
1025 76 66 911 1764
1026 76 73 925 1915
1027 76 131 984 4537
1028 76 300 1175 15595
1029 76 300 1177 15594
1030 76 17 863 333
1031 76 2 847 164
1032 77 300 1175 15595
1033 77 18 867 311
1034 77 300 1173 15596
1035 77 35 882 744
1036 77 48 898 1067
1037 77 54 906 1241
1038 77 35 880 825
1039 77 35 885 690
1040 77 300 1177 15595
1041 77 1 844 403
1042 77 65 918 1616
1043 77 80 933 2191
1044 77 80 932 2197
1045 77 17 863 366
1046 77 1 845 280
1047 78 32 879 699
1048 78 26 871 675
1049 78 4 851 180
1050 78 18 864 433
1051 78 9 849 10081
1052 78 21 868 444
1053 78 43 889 1049
1054 79 1 844 1114
1055 79 50 896 1338
1056 79 19 863 873
1057 79 17 865 366
1058 79 71 920 1918
1059 79 11 855 734
1060 79 17 861 835
1061 79 42 888 1094
1062 79 37 885 831
1063 79 18 867 352
1064 79 9 855 358
1065 79 10 861 177
1066 79 14 857 1268
1067 79 15 861 452
1068 79 14 865 239
1069 79 15 861 452
1070 79 14 859 557
1071 79 2 844 2508
1072 79 6 849 1155
1073 79 25 875 475
1074 80 53 902 1313
1075 80 33 880 846
1076 80 218 1090 9666
1077 80 8 857 224
1078 80 36 885 804
1079 80 20 867 546
1080 80 79 933 2165
1081 80 85 941 2395
1082 80 8 851 2567
1083 80 2 848 408
1084 81 2 846 2508
1085 81 2 853 131
1086 81 39 894 789
1087 81 29 881 568
1088 81 72 929 1877
1089 81 53 902 1361
1090 81 40 887 1158
1091 81 41 890 991
1092 81 83 937 2337
1093 82 44 892 1275
1094 82 79 937 2150
1095 82 44 898 958
1096 82 15 860 2674
1097 82 16 862 1303
1098 82 17 862 2710
1099 83 23 871 955
1100 83 1 848 1114
1101 83 19 870 452
1102 83 1 847 2503
1103 83 40 898 809
1104 83 30 885 575
1105 83 35 886 825
1106 83 36 885 1048
1107 83 37 887 952
1108 83 35 883 1246
1109 83 34 888 694
1110 83 26 881 480
1111 83 19 872 371
1112 83 25 876 579
1113 83 1 855 103
1114 83 63 916 1623
1115 83 7 856 455
1116 83 42 895 940
