1 0 1 185 207
2 0 2 189 108
3 0 16 200 396
4 0 16 202 315
5 0 16 198 592
6 0 122 314 4087
7 0 70 255 1913
8 0 70 264 1791
9 0 2 187 164
10 0 11 198 209
11 0 86 273 2492
12 0 12 197 280
13 0 1 181 1114
14 0 14 199 313
15 0 14 193 2657
16 0 12 194 524
17 0 2 187 164
18 0 2 185 286
19 0 1 182 628
20 0 1 182 628
21 0 26 208 797
22 0 144 342 5206
23 0 2 181 2508
24 0 1 181 1114
25 0 1 186 159
26 0 15 194 2674
27 0 2 189 108
28 1 14 198 434
29 1 13 195 765
30 1 13 194 1251
31 1 2 190 108
32 1 59 246 1483
33 1 55 240 1427
34 1 84 280 2340
35 1 34 220 751
36 1 2 188 164
37 1 64 257 1580
38 1 19 205 404
39 1 34 219 798
40 1 83 277 2307
41 1 17 205 310
42 1 16 198 817
43 2 150 350 5534
44 2 1 186 280
45 2 9 190 2581
46 2 13 200 296
47 2 15 198 799
48 2 34 223 694
49 2 13 198 418
50 2 2 189 164
51 2 9 194 358
52 2 17 207 292
53 2 5 191 237
54 2 13 200 296
55 2 39 222 1355
56 2 48 233 1275
57 2 22 210 433
58 2 15 199 574
59 2 61 247 1633
60 2 1 186 280
61 3 4 189 424
62 3 15 198 1285
63 3 1 186 403
64 3 12 197 524
65 3 13 195 2640
66 3 263 477 12804
67 3 2 191 131
68 3 1 188 207
69 3 10 200 194
70 3 40 233 818
71 3 16 202 469
72 3 40 228 915
73 3 204 409 8757
74 3 39 232 789
75 3 68 257 1805
76 3 22 209 513
77 3 58 249 1407
78 3 12 196 749
79 3 20 208 424
80 3 22 209 513
81 3 15 204 297
82 3 22 208 587
83 3 215 424 9469
84 4 16 201 817
85 4 37 226 831
86 4 30 221 592
87 4 51 244 1162
88 4 37 231 734
89 4 23 212 487
90 4 31 216 1142
91 4 62 258 1509
92 4 124 325 4167
93 4 39 225 1130
94 4 14 204 280
95 4 48 236 1201
96 4 1 191 126
97 4 58 251 1394
98 4 8 199 167
99 4 29 215 868
100 5 35 221 1246
101 5 83 283 2299
102 5 139 339 4947
103 5 138 343 4882
104 5 33 224 692
105 5 16 201 1303
106 5 30 222 592
107 5 3 186 10015
108 5 46 234 1213
109 5 54 248 1259
110 5 61 252 1552
111 5 44 233 1079
112 5 48 242 1067
113 5 15 206 297
114 5 14 199 1268
115 5 27 213 1045
116 5 100 294 3069
117 5 22 212 465
118 5 2 194 108
119 5 54 249 1249
120 6 19 210 404
121 6 83 282 2307
122 6 198 404 8377
123 6 197 406 8309
124 6 222 433 9935
125 6 34 224 798
126 6 17 204 835
127 6 25 220 444
128 6 17 203 1321
129 6 221 436 9865
130 6 52 247 1194
131 6 1 188 628
132 6 3 194 171
133 6 33 227 651
134 7 269 481 13248
135 7 23 216 454
136 7 28 220 600
137 7 22 217 392
138 7 24 214 630
139 7 16 210 292
140 7 237 454 10954
141 7 15 206 378
142 7 11 203 265
143 7 6 192 2544
144 8 13 200 2640
145 8 300 516 15598
146 8 174 382 6904
147 8 5 200 133
148 8 300 524 15595
149 8 300 520 15596
150 8 1 195 126
151 8 10 198 1205
152 8 1 192 280
153 9 300 517 15598
154 9 1 197 103
155 9 1 193 280
156 9 1 195 159
157 9 100 298 3069
158 9 39 232 934
159 9 300 523 15595
160 9 204 418 8753
161 9 31 225 674
162 9 8 199 467
163 9 300 521 15596
164 9 237 455 10955
165 10 7 204 155
166 10 65 263 1654
167 10 17 207 1321
168 10 59 257 1442
169 10 21 219 371
170 10 36 234 730
171 10 20 211 893
172 10 35 228 898
173 10 13 208 296
174 10 151 363 5582
175 10 300 526 15595
176 10 300 523 15596
177 10 15 213 256
178 10 106 311 3304
179 10 23 218 487
180 10 2 193 633
181 10 2 198 131
182 10 1 197 126
183 10 1 192 628
184 10 2 191 2508
185 11 2 195 408
186 11 1 193 628
187 11 1 197 159
188 11 3 195 640
189 11 17 213 366
190 11 4 193 10024
191 11 1 194 403
192 11 2 199 131
193 11 32 232 612
194 11 2 200 108
195 11 1 197 159
196 11 2 194 633
197 11 63 262 1582
198 11 20 219 350
199 11 2 199 131
200 11 1 196 207
201 11 1 199 103
202 11 1 198 126
203 11 300 525 15595
204 12 13 207 540
205 12 22 223 379
206 12 1 196 280
207 12 1 191 10003
208 12 33 231 692
209 12 37 232 952
210 12 13 213 223
211 12 33 226 1193
212 12 2 195 633
213 12 31 224 1142
214 13 300 522 15598
215 13 10 209 218
216 13 15 212 378
217 13 22 219 513
218 13 287 514 14593
219 13 30 225 892
220 13 279 499 13991
221 13 13 210 344
222 13 214 434 9402
223 13 300 521 15598
224 13 300 529 15595
225 13 269 494 13243
226 13 300 522 15598
227 13 300 526 15596
228 13 34 228 1219
229 13 20 214 893
230 13 11 205 734
231 13 75 276 2031
232 13 8 208 167
233 13 265 482 12955
234 13 12 210 280
235 13 37 235 831
236 13 256 474 12300
237 13 287 508 14596
238 13 6 206 144
239 13 21 220 412
240 13 287 510 14595
241 13 16 215 315
242 14 300 528 15595
243 14 300 526 15596
244 14 5 203 237
245 14 24 218 1463
246 15 300 523 15598
247 15 300 527 15596
248 15 2 197 1119
249 15 300 530 15595
250 15 21 220 492
251 15 19 221 348
252 15 99 303 3024
253 15 90 298 2600
254 15 300 531 15595
255 15 300 528 15596
256 15 1 200 207
257 15 300 525 15597
258 15 2 204 108
259 15 300 532 15594
260 15 1 196 1114
261 16 300 524 15598
262 16 300 525 15598
263 16 300 525 15598
264 16 300 527 15597
265 16 300 525 15598
266 16 300 532 15595
267 16 300 524 15598
268 17 300 525 15598
269 17 300 526 15598
270 17 300 534 15594
271 17 300 531 15595
272 17 5 209 133
273 17 10 209 494
274 17 60 264 1494
275 17 3 206 139
276 17 292 516 14980
277 17 60 265 1476
278 17 2 203 212
279 17 300 527 15597
280 17 300 531 15595
281 17 300 529 15596
282 17 300 532 15595
283 17 25 222 1486
284 17 9 210 285
285 17 177 395 7081
286 17 299 528 15518
287 17 299 523 15521
288 17 31 232 721
289 17 32 234 699
290 17 39 240 934
291 17 27 233 490
292 18 5 207 237
293 18 14 219 257
294 18 57 267 1335
295 18 35 242 690
296 18 51 259 1151
297 18 14 213 782
298 18 71 276 1894
299 18 11 217 192
300 18 17 223 292
301 18 30 235 592
302 18 30 229 1117
303 18 30 231 770
304 18 14 218 280
305 18 20 224 391
306 18 16 214 1303
307 18 2 203 286
308 19 3 202 1126
309 19 6 206 669
310 20 37 242 831
311 20 78 284 2190
312 20 97 309 2910
313 20 21 230 358
314 20 300 537 15594
315 20 300 529 15598
316 20 300 537 15594
317 20 300 529 15598
318 20 300 528 15598
319 20 3 208 171
320 20 13 221 223
321 21 2 203 1119
322 21 300 537 15595
323 21 300 533 15596
324 21 300 529 15598
325 21 300 529 15598
326 21 1 202 1114
327 21 1 202 1114
328 21 300 531 15597
329 21 14 218 434
330 21 86 293 2516
331 21 300 530 15598
332 21 300 535 15595
333 21 300 534 15596
334 21 300 538 15594
335 21 300 531 15597
336 21 2 205 408
337 21 300 529 15598
338 21 100 317 3027
339 21 300 534 15596
340 21 233 459 10682
341 21 300 536 15595
342 21 300 533 15596
343 21 300 536 15595
344 22 14 218 557
345 22 27 237 503
346 22 34 239 872
347 22 41 245 1187
348 22 46 259 986
349 22 14 223 257
350 22 21 223 1399
351 22 23 229 534
352 22 14 215 2657
353 22 4 213 124
354 22 6 207 2544
355 22 11 221 192
356 22 1 207 207
357 22 294 525 15132
358 22 82 295 2278
359 23 222 445 9942
360 23 257 487 12371
361 23 2 212 108
362 23 22 234 379
363 23 7 211 680
364 23 258 490 12442
365 23 11 213 2609
366 23 300 536 15596
367 23 7 210 1166
368 23 11 222 192
369 23 55 265 1323
370 23 39 246 934
371 23 37 246 798
372 23 300 535 15596
373 23 300 540 15594
374 24 182 411 7378
375 24 300 538 15595
376 24 106 322 3318
377 24 80 291 2246
378 24 94 308 2793
379 24 209 435 9080
380 24 1 210 159
381 24 6 209 2544
382 24 177 396 7095
383 25 103 320 3180
384 25 3 209 640
385 25 9 220 204
386 25 300 536 15597
387 25 300 541 15595
388 25 300 539 15595
389 25 31 245 587
390 25 26 239 480
391 25 26 239 480
392 25 119 335 3945
393 25 56 273 1301
394 25 20 233 350
395 25 116 338 3773
396 25 51 261 1248
397 25 8 212 2567
398 25 108 324 3418
399 25 28 239 567
400 25 66 277 1732
401 25 26 233 797
402 25 37 247 831
403 25 300 537 15596
404 25 2 205 10008
405 25 50 266 1111
406 25 300 536 15597
407 26 93 306 2790
408 26 85 303 2395
409 26 2 214 131
410 26 14 226 280
411 26 67 286 1684
412 26 14 222 557
413 26 71 285 1877
414 26 94 314 2768
415 26 80 295 2216
416 26 5 215 237
417 26 1 210 280
418 26 300 534 15598
419 26 83 298 2337
420 26 2 208 1119
421 26 158 385 5975
422 26 2 212 212
423 26 300 541 15595
424 26 300 538 15596
425 26 300 539 15596
426 26 28 243 513
427 27 24 240 422
428 27 32 246 643
429 27 2 207 10008
430 27 300 539 15596
431 27 300 536 15598
432 27 20 227 1379
433 27 26 237 601
434 27 300 543 15595
435 27 229 463 10407
436 27 19 225 2748
437 27 27 242 503
438 27 34 248 694
439 27 18 226 854
440 27 1 214 126
441 27 34 247 718
442 27 24 237 476
443 27 300 537 15597
444 27 21 235 388
445 28 47 261 1090
446 28 8 214 10067
447 28 190 416 7879
448 28 54 272 1249
449 28 285 527 14441
450 28 270 512 13316
451 28 14 222 1268
452 28 18 230 433
453 28 119 340 3933
454 28 140 364 4997
455 28 16 232 274
456 28 57 275 1350
457 28 57 273 1373
458 28 25 235 775
459 28 19 235 331
460 28 2 215 164
461 28 10 225 194
462 28 1 209 1114
463 28 279 521 13987
464 28 11 221 509
465 28 76 298 2022
466 28 107 326 3371
467 28 75 292 2018
468 29 104 330 3206
469 29 50 267 1143
470 29 91 310 2663
471 29 106 328 3313
472 29 83 298 2391
473 29 95 319 2808
474 29 7 215 2555
475 30 161 389 6151
476 30 158 384 5985
477 30 1 214 280
478 30 87 305 2517
479 30 35 247 1021
480 30 161 394 6143
481 30 54 269 1346
482 30 24 240 476
483 30 15 233 256
484 30 24 235 977
485 30 16 225 2692
486 30 37 248 1300
487 30 18 229 854
488 31 36 252 804
489 31 25 237 1000
490 31 19 230 1359
491 31 103 331 3161
492 31 29 240 1579
493 31 98 321 2954
494 31 27 244 544
495 31 58 279 1384
496 31 83 307 2307
497 31 53 270 1280
498 31 79 295 2262
499 31 79 301 2157
500 31 25 240 579
501 31 26 244 497
502 31 35 251 777
503 31 41 262 846
504 31 18 233 433
505 31 42 263 875
506 31 77 300 2071
507 31 17 229 835
508 31 42 261 899
509 31 62 281 1547
510 31 52 272 1194
511 31 34 252 694
512 31 33 245 1193
513 31 68 289 1741
514 31 60 277 1517
515 31 54 270 1346
516 31 111 331 3577
517 32 18 230 1340
518 32 1 218 159
519 32 2 215 633
520 32 4 215 2524
521 32 1 211 10003
522 32 49 268 1129
523 32 2 219 164
524 32 1 213 1114
525 32 5 221 237
526 32 1 215 403
527 32 1 216 280
528 32 1 213 1114
529 32 4 214 10024
530 32 1 213 1114
531 32 7 226 155
532 32 7 217 10055
533 32 1 220 103
534 32 1 220 103
535 32 11 226 387
536 32 31 251 600
537 32 37 250 1300
538 32 31 250 617
539 32 28 249 513
540 32 32 253 612
541 32 1 212 2503
542 32 1 211 10003
543 32 31 244 1142
544 33 18 239 311
545 33 6 220 669
546 33 32 253 625
547 33 300 546 15596
548 33 300 550 15594
549 33 1 219 159
550 33 22 243 392
551 33 1 217 280
552 33 6 220 669
553 33 251 490 11941
554 33 231 473 10542
555 33 300 549 15595
556 33 29 250 551
557 33 16 237 274
558 33 127 350 4352
559 33 1 221 103
560 33 126 350 4294
561 33 300 545 15596
562 33 141 373 5043
563 33 94 321 2768
564 33 121 352 4015
565 33 22 242 409
566 33 13 228 540
567 33 13 234 223
568 33 13 232 264
569 33 300 547 15595
570 33 300 544 15597
571 33 2 213 10008
572 33 300 549 15595
573 33 1 215 628
574 33 2 221 131
575 33 54 278 1241
576 33 1 218 207
577 33 18 230 2729
578 33 1 216 403
579 33 1 218 207
580 33 1 219 159
581 34 10 230 218
582 34 25 243 579
583 34 197 431 8313
584 34 32 254 625
585 34 2 222 131
586 34 17 231 1321
587 34 41 260 943
588 34 196 435 8244
589 34 50 267 1338
590 34 40 265 809
591 34 9 230 181
592 34 2 223 108
593 34 14 232 361
594 35 23 241 608
595 35 49 267 1306
596 35 82 305 2310
597 35 82 303 2351
598 35 30 248 770
599 35 3 218 1126
600 35 32 249 943
601 35 131 364 4520
602 35 105 332 3272
603 35 165 396 6386
604 35 165 397 6383
605 36 55 275 1427
606 36 35 259 703
607 36 44 263 1153
608 36 45 267 1029
609 36 16 238 315
610 36 16 232 1303
611 36 26 247 553
612 36 4 225 180
613 37 21 239 913
614 37 48 272 1097
615 37 15 239 274
616 37 15 231 2674
617 37 19 239 526
618 37 10 226 2594
619 37 1 223 159
620 37 38 257 1102
621 38 187 429 7685
622 38 32 255 699
623 38 17 240 366
624 38 32 260 602
625 38 1 221 403
626 38 13 236 296
627 38 2 219 2508
628 38 29 252 624
629 38 14 238 280
630 38 246 495 11583
631 38 2 220 1119
632 38 68 292 1805
633 38 17 234 2710
634 38 14 232 1268
635 38 29 255 551
636 38 19 236 2748
637 38 40 262 963
638 38 5 227 237
639 38 188 428 7749
640 38 39 259 1130
641 39 29 255 568
642 39 7 227 680
643 39 46 273 1018
644 39 15 242 256
645 39 93 326 2725
646 39 12 234 402
647 39 53 284 1201
648 39 2 220 2508
649 39 2 226 164
650 39 9 226 10081
651 40 106 340 3308
652 40 15 234 2674
653 40 111 348 3533
654 40 44 271 975
655 40 23 246 608
656 41 13 238 344
657 41 1 220 10003
658 41 20 248 368
659 41 71 299 1894
660 41 44 269 1079
661 41 35 259 898
662 41 28 254 600
663 41 14 242 257
664 41 71 300 1877
665 41 43 274 905
666 41 39 270 789
667 41 68 297 1764
668 41 36 263 771
669 41 104 338 3220
670 41 35 258 1021
671 41 35 261 777
672 41 13 234 1251
673 41 14 238 434
674 41 35 266 680
675 41 4 226 649
676 42 43 274 915
677 42 21 248 444
678 42 13 240 296
679 42 24 253 452
680 42 14 237 782
681 42 1 221 10003
682 42 1 230 103
683 42 300 558 15595
684 42 2 227 286
685 42 1 223 1114
686 42 10 238 218
687 42 14 239 434
688 42 28 257 544
689 42 1 222 2503
690 42 1 224 628
691 42 1 224 628
692 42 1 224 628
693 42 1 229 126
694 42 2 227 286
695 42 1 222 2503
696 42 1 221 10003
697 42 5 233 156
698 42 38 264 906
699 42 15 245 256
700 42 300 559 15594
701 42 18 245 385
702 42 300 554 15596
703 42 2 228 212
704 42 2 225 633
705 42 1 227 207
706 42 1 224 628
707 42 2 225 633
708 42 14 239 434
709 42 2 226 408
710 43 11 242 192
711 43 9 231 2581
712 43 12 235 1235
713 43 10 235 494
714 43 20 248 424
715 43 265 516 12952
716 43 74 305 1992
717 43 83 316 2327
718 43 88 318 2576
719 43 33 262 692
720 43 112 344 3625
721 43 66 301 1653
722 43 103 337 3187
723 43 16 243 396
724 43 17 245 366
725 43 281 538 14138
726 43 3 224 10015
727 43 286 540 14518
728 43 30 257 697
729 43 31 261 617
730 43 276 524 13768
731 44 6 231 669
732 44 74 310 1954
733 44 51 285 1151
734 44 41 273 870
735 44 15 239 1285
736 44 15 243 378
737 44 57 284 1568
738 44 34 265 694
739 44 194 440 8122
740 44 183 423 7454
741 44 17 248 310
742 44 14 238 1268
743 44 177 418 7089
744 44 17 242 835
745 44 35 266 721
746 44 1 232 103
747 44 89 319 2642
748 44 104 345 3206
749 44 82 321 2258
750 44 235 485 10819
751 44 33 264 668
752 45 39 272 813
753 45 137 377 4841
754 45 35 261 1246
755 45 50 281 1184
756 45 43 272 1049
757 45 2 233 131
758 45 6 229 10044
759 45 61 293 1529
760 45 53 288 1216
761 45 2 225 10008
762 45 50 278 1338
763 45 60 292 1494
764 45 34 264 751
765 45 142 383 5104
766 45 30 256 1117
767 45 162 402 6216
768 45 38 266 980
769 46 35 265 825
770 46 52 285 1224
771 46 70 309 1796
772 46 37 270 775
773 46 45 273 1305
774 46 45 281 964
775 46 74 314 1944
776 46 43 273 1049
777 46 2 228 1119
778 46 34 264 798
779 46 93 327 2773
780 46 42 278 875
781 46 300 557 15597
782 46 300 558 15596
783 46 300 556 15597
784 46 49 279 1233
785 46 60 295 1463
786 46 32 260 943
787 46 87 323 2493
788 46 60 292 1517
789 46 68 303 1751
790 46 61 293 1552
791 46 25 255 579
792 46 52 288 1184
793 46 101 337 3104
794 46 50 288 1105
795 46 84 320 2368
796 47 19 252 371
797 47 6 238 200
798 47 20 248 893
799 48 11 241 509
800 48 1 228 2503
801 48 4 238 147
802 48 59 299 1404
803 48 32 267 643
804 48 300 559 15597
805 48 300 563 15595
806 48 14 244 557
807 48 300 561 15596
808 48 300 564 15595
809 49 66 301 1732
810 49 28 262 600
811 49 50 290 1111
812 49 21 256 412
813 49 28 258 1069
814 49 21 258 371
815 49 118 360 3884
816 49 227 484 10270
817 49 300 561 15596
818 49 37 267 1300
819 49 7 241 211
820 49 34 270 694
821 49 47 286 1025
822 49 29 267 537
823 49 51 284 1296
824 49 194 449 8118
825 49 197 452 8306
826 49 13 247 296
827 49 36 266 1273
828 49 36 272 748
829 50 74 312 1992
830 50 1 236 159
831 50 15 252 274
832 50 30 270 552
833 50 15 245 1285
834 50 14 247 434
835 50 138 387 4884
836 50 34 274 653
837 50 15 250 330
838 50 124 371 4167
839 50 300 565 15595
840 50 2 233 633
841 50 1 238 103
842 50 30 270 552
843 50 88 328 2535
844 50 10 241 719
845 50 39 270 1355
846 50 300 567 15594
847 50 300 565 15595
848 51 34 271 718
849 51 2 235 408
850 51 1 230 10003
851 51 8 246 167
852 51 92 330 2747
853 51 32 265 943
854 51 44 279 1079
855 51 27 259 1045
856 51 53 289 1313
857 52 26 261 675
858 52 53 289 1361
859 52 289 548 14750
860 52 278 539 13915
861 52 24 263 452
862 52 1 232 2503
863 52 38 271 1327
864 53 12 245 1235
865 53 45 284 1029
866 53 9 242 1192
867 53 177 432 7080
868 53 264 527 12877
869 53 30 265 892
870 53 21 256 688
871 53 44 281 1079
872 53 21 258 492
873 53 16 253 396
874 53 113 360 3638
875 53 250 507 11872
876 53 254 517 12153
877 53 184 436 7508
878 53 5 236 10033
879 53 274 535 13616
880 53 20 255 668
881 54 1 235 1114
882 54 135 380 4756
883 54 190 444 7875
884 54 201 459 8562
885 54 196 448 8254
886 54 208 462 9018
887 54 203 457 8695
888 54 212 472 9272
889 54 300 571 15594
890 54 207 466 8947
891 54 212 469 9275
892 54 217 476 9602
893 54 44 283 1031
894 54 207 466 8947
895 54 220 483 9799
896 54 80 325 2197
897 54 223 485 10000
898 54 223 484 10001
899 54 300 567 15596
900 54 300 568 15595
901 54 14 250 557
902 54 8 242 1178
903 55 300 566 15597
904 55 56 298 1357
905 55 139 391 4941
906 55 17 257 366
907 55 24 259 1463
908 55 300 568 15596
909 55 55 295 1379
910 55 56 299 1339
911 55 126 379 4265
912 55 120 374 3964
913 55 22 257 1420
914 55 5 243 311
915 55 54 298 1259
916 55 49 286 1429
917 55 130 377 4491
918 55 300 572 15594
919 55 300 563 15598
920 55 29 264 1579
921 56 21 262 444
922 56 15 257 297
923 56 37 282 744
924 56 1 240 280
925 56 1 240 280
926 56 2 236 10008
927 56 2 243 164
928 56 1 238 628
929 56 3 245 139
930 56 1 237 1114
931 56 2 239 633
932 56 1 235 10003
933 56 55 301 1282
934 56 22 259 934
935 56 1 235 10003
936 56 1 240 280
937 56 1 235 10003
938 56 2 242 212
939 56 1 235 10003
940 56 1 243 126
941 56 1 238 628
942 56 1 242 159
943 56 1 243 126
944 56 2 238 1119
945 57 64 308 1636
946 57 1 236 10003
947 57 1 244 126
948 57 15 259 274
949 57 15 260 256
950 57 20 265 350
951 57 15 251 2674
952 57 14 251 1268
953 57 18 255 1340
954 57 8 252 167
955 57 37 281 775
956 57 2 244 164
957 57 14 259 239
958 58 26 266 797
959 58 35 281 703
960 58 20 260 668
961 58 40 286 841
962 58 2 245 164
963 58 71 323 1829
964 58 97 349 2900
965 58 4 247 180
966 58 260 523 12589
967 58 32 280 602
968 58 1 243 207
969 58 1 237 10003
970 58 174 434 6901
971 59 62 313 1509
972 59 53 301 1226
973 59 178 437 7143
974 59 62 311 1523
975 59 53 300 1240
976 59 188 447 7752
977 59 7 252 179
978 59 60 308 1463
979 59 10 249 1205
980 59 32 280 612
981 60 16 262 315
982 60 15 258 452
983 60 98 347 2979
984 60 16 260 396
985 60 18 265 329
986 60 300 571 15597
987 60 1 247 126
988 60 28 276 527
989 60 1 243 403
990 60 84 334 2368
991 60 300 575 15595
992 61 17 260 610
993 61 1 249 103
994 61 40 284 1036
995 61 29 274 672
996 61 17 266 292
997 61 16 260 469
998 61 74 323 1992
999 61 86 334 2492
1000 61 63 310 1623
1001 61 93 348 2725
1002 61 82 331 2310
1003 61 2 248 164
1004 61 25 271 531
1005 61 17 257 2710
1006 61 29 275 624
1007 62 1 242 2503
1008 62 156 415 5870
1009 62 3 250 171
1010 62 4 253 124
1011 62 15 258 799
1012 62 2 244 1119
1013 62 11 252 2609
1014 62 16 259 817
1015 62 5 251 237
1016 62 13 256 765
1017 62 23 267 730
1018 62 14 256 1268
1019 62 15 260 452
1020 62 24 273 452
1021 62 23 270 487
1022 63 11 255 734
1023 63 1 249 159
1024 63 1 243 2503
1025 63 9 253 706
1026 63 12 254 2624
1027 63 30 275 892
1028 63 7 254 259
1029 63 29 275 746
1030 63 21 269 444
1031 63 12 258 402
1032 64 45 291 1305
1033 64 8 255 345
1034 64 62 312 1588
1035 64 47 293 1366
1036 64 39 285 1130
1037 64 23 267 1442
1038 64 52 305 1194
1039 64 29 280 568
1040 64 300 573 15598
1041 64 300 580 15595
1042 64 300 581 15594
1043 64 300 579 15595
1044 65 28 275 844
1045 65 38 284 1327
1046 65 143 406 5152
1047 65 33 287 638
1048 65 35 282 1021
1049 65 2 248 633
1050 65 37 290 757
1051 65 54 311 1234
1052 65 35 282 1021
1053 65 67 317 1801
1054 66 35 289 703
1055 66 100 358 3044
1056 66 52 310 1169
1057 66 1 249 403
1058 66 22 272 513
1059 67 83 336 2391
1060 67 33 287 668
1061 67 42 300 867
1062 67 33 289 638
1063 67 38 287 1102
1064 67 44 302 926
1065 67 36 289 771
1066 67 30 280 770
1067 68 32 285 699
1068 68 22 275 465
1069 68 31 284 674
1070 68 10 266 177
1071 68 5 251 10033
1072 68 171 438 6729
1073 68 2 254 212
1074 69 1 254 207
1075 69 117 381 3827
1076 69 7 257 680
1077 69 153 424 5693
1078 69 153 424 5693
1079 69 92 353 2691
1080 70 1 252 628
1081 70 17 270 488
1082 70 1 252 628
1083 70 6 259 321
1084 70 300 579 15598
1085 70 53 315 1201
1086 70 300 578 15598
1087 70 1 250 2503
1088 70 300 580 15597
1089 70 300 587 15594
1090 71 17 276 292
1091 71 44 302 975
1092 71 31 291 587
1093 71 32 287 747
1094 71 1 253 628
1095 71 31 290 600
1096 71 16 271 396
1097 71 21 280 371
1098 72 33 291 692
1099 73 29 282 1579
1100 73 14 269 557
1101 73 22 275 1420
1102 73 172 441 6794
1103 73 10 263 1205
1104 73 45 305 1005
1105 73 11 263 2609
1106 73 49 311 1098
1107 73 24 285 435
1108 73 11 264 1220
1109 73 46 307 1018
1110 73 2 256 633
1111 73 36 293 852
1112 73 279 557 13993
1113 73 19 277 404
1114 73 2 261 131
1115 73 283 565 14292
1116 77 300 587 15597
