1 0 0 0 0
2 0 0 0 0
3 0 0 0 0
4 0 0 0 0
5 0 0 0 0
6 0 0 0 0
7 0 0 0 0
8 0 0 0 0
9 0 0 0 0
10 0 0 0 0
11 0 0 0 0
12 0 0 0 0
13 0 0 0 0
14 0 0 0 0
15 0 0 0 0
16 0 0 0 0
17 0 0 0 0
18 0 0 0 0
19 0 0 0 0
20 0 0 0 0
21 0 0 0 0
22 0 0 0 0
23 0 0 0 0
24 0 0 0 0
25 0 0 0 0
26 0 0 0 0
27 0 0 0 0
28 0 0 0 0
29 0 0 0 0
30 0 0 0 0
31 0 0 0 0
32 0 0 0 0
33 0 0 0 0
34 0 0 0 0
35 0 0 0 0
36 0 0 0 0
37 0 0 0 0
38 0 0 0 0
39 0 0 0 0
40 0 0 0 0
41 0 0 0 0
42 0 0 0 0
43 0 0 0 0
44 0 0 0 0
45 0 0 0 0
46 0 0 0 0
47 0 0 0 0
48 0 0 0 0
49 0 0 0 0
50 0 0 0 0
51 0 0 0 0
52 0 0 0 0
53 0 0 0 0
54 0 0 6 277
55 0 0 0 0
56 0 0 0 0
57 0 0 0 0
58 0 0 0 0
59 0 0 0 0
60 0 0 0 0
61 0 0 0 0
62 0 0 0 0
63 0 0 0 0
64 0 0 0 0
65 0 0 0 0
66 0 0 0 0
67 0 0 0 0
68 0 0 0 0
69 0 0 0 0
70 0 0 0 0
71 0 0 0 0
72 0 0 0 0
73 0 0 0 0
74 0 0 0 0
75 0 0 0 0
76 0 0 0 0
77 0 0 0 0
78 0 0 0 0
79 0 0 0 0
80 0 0 0 0
81 0 0 0 0
82 0 0 0 0
83 0 0 0 0
84 0 0 0 0
85 0 0 0 0
86 0 0 0 0
87 0 0 0 0
88 0 0 0 0
89 0 0 0 0
90 0 0 0 0
91 0 1 599 628
92 0 0 0 0
93 0 0 0 0
94 0 0 0 0
95 0 0 0 0
96 0 0 0 0
97 0 0 0 0
98 0 0 0 0
99 0 0 0 0
100 0 0 0 0
101 0 0 0 0
102 0 0 0 0
103 0 0 0 0
104 0 0 0 0
105 0 0 0 0
106 0 0 0 0
107 0 0 0 0
108 0 0 0 0
109 0 0 0 0
110 0 0 0 0
111 0 0 0 0
112 0 0 0 0
113 0 0 0 0
114 0 0 0 0
115 0 0 0 0
116 0 0 0 0
117 0 0 0 0
118 0 0 0 0
119 0 0 0 0
120 0 0 0 0
121 0 0 0 0
122 0 0 0 0
123 0 0 0 0
124 0 0 0 0
125 0 0 0 0
126 0 0 0 0
127 0 0 0 0
128 0 0 0 0
129 0 0 0 0
130 0 0 0 0
131 0 0 0 0
132 0 0 0 0
133 0 0 0 0
134 0 0 0 0
135 0 0 0 0
136 0 0 0 0
137 0 0 0 0
138 0 0 0 0
139 0 0 0 0
140 0 0 0 0
141 1 1 603 207
142 1 6 609 200
143 1 29 627 1579
144 1 56 659 1413
145 1 31 639 576
146 1 28 633 544
147 1 10 608 1205
148 1 47 653 1049
149 1 2 600 1119
150 1 45 651 988
151 1 74 677 2065
152 1 111 721 3552
153 1 12 609 2624
154 1 113 727 3631
155 1 8 605 2567
156 1 15 621 256
157 1 18 617 854
158 1 6 608 248
159 1 4 605 301
160 1 6 605 669
161 1 282 911 14215
162 1 15 621 256
163 2 8 608 692
164 2 13 618 264
165 3 70 676 1880
166 3 100 710 3059
167 3 34 644 653
168 3 34 638 798
169 3 150 764 5545
170 3 2 609 108
171 3 162 783 6203
172 3 2 608 131
173 3 78 686 2149
174 3 64 675 1587
175 3 35 645 680
176 3 20 628 350
177 3 35 638 898
178 3 2 602 1119
179 3 2 609 108
180 4 16 619 592
181 4 14 616 782
182 4 100 715 3034
183 4 92 701 2729
184 4 91 705 2643
185 4 31 633 1142
186 4 107 721 3359
187 4 47 654 1090
188 4 157 774 5929
189 5 300 930 15598
190 5 233 862 10680
191 5 36 640 1048
192 5 2 607 286
193 5 29 635 672
194 5 2 609 164
195 5 216 843 9536
196 6 300 935 15596
197 6 12 619 328
198 6 44 651 1079
199 6 7 612 455
200 6 300 935 15596
201 6 11 617 387
202 6 10 615 494
203 6 10 617 298
204 6 300 934 15597
205 6 297 936 15361
206 6 4 612 180
207 6 296 932 15285
208 6 20 628 424
209 6 51 659 1248
210 7 300 935 15597
211 7 300 941 15594
212 7 2 608 408
213 7 300 933 15598
214 7 300 936 15596
215 7 66 682 1653
216 7 300 938 15595
217 7 52 667 1175
218 7 300 940 15595
219 7 300 939 15595
220 7 1 603 10003
221 8 123 746 4115
222 8 300 940 15595
223 8 300 934 15598
224 8 300 938 15596
225 8 300 935 15597
226 8 300 940 15595
227 8 300 935 15597
228 8 300 935 15597
229 8 300 939 15595
230 8 300 934 15598
231 8 300 933 15598
232 8 300 939 15595
233 8 300 934 15598
234 8 300 940 15595
235 8 32 638 1168
236 8 12 620 402
237 8 300 935 15597
238 8 39 651 830
239 8 29 642 551
240 8 32 647 602
241 8 39 647 1008
242 8 300 939 15595
243 8 3 610 415
244 8 300 942 15594
245 8 2 610 286
246 8 300 933 15598
247 9 90 704 2644
248 9 1 612 159
249 9 2 615 108
250 9 29 640 624
251 9 100 715 3069
252 9 97 711 2948
253 9 300 941 15595
254 9 89 708 2557
255 9 98 711 3010
256 9 82 703 2258
257 9 10 619 372
258 9 300 943 15594
259 9 300 943 15594
260 10 9 621 237
261 10 98 721 2938
262 10 191 818 7937
263 10 15 627 330
264 10 16 627 396
265 10 7 618 259
266 10 12 621 524
267 10 34 648 694
268 10 34 649 677
269 11 300 941 15596
270 11 24 634 752
271 11 300 940 15596
272 11 300 944 15595
273 11 34 644 994
274 11 1 612 280
275 11 300 937 15598
276 11 300 937 15598
277 11 300 942 15595
278 11 11 623 313
279 11 126 752 4265
280 11 120 741 3982
281 11 41 657 870
282 11 72 694 1867
283 11 18 625 2729
284 11 300 941 15596
285 11 5 619 156
286 11 187 819 7685
287 11 1 607 10003
288 11 300 945 15594
289 11 29 640 746
290 11 48 667 1048
291 12 300 944 15595
292 12 300 941 15596
293 12 300 937 15598
294 12 300 940 15597
295 12 31 641 1142
296 12 133 761 4622
297 12 159 785 6039
298 12 9 624 204
299 12 208 836 9020
300 12 300 946 15594
301 13 25 640 531
302 13 31 650 587
303 13 1 610 2503
304 13 68 684 1805
305 13 24 640 476
306 13 15 633 256
307 13 300 943 15596
308 13 16 626 1303
309 13 300 941 15597
310 13 300 944 15595
311 13 16 632 315
312 13 36 651 804
313 13 300 942 15596
314 13 300 942 15596
315 13 300 942 15596
316 13 153 783 5696
317 14 1 619 103
318 14 300 946 15595
319 14 25 644 457
320 14 11 622 1220
321 14 98 720 2961
322 14 46 666 1005
323 15 300 945 15596
324 15 300 941 15598
325 15 2 615 633
326 15 300 948 15595
327 15 2 615 633
328 15 24 641 508
329 16 176 811 7020
330 16 11 630 232
331 16 248 892 11725
332 16 18 638 329
333 16 13 633 240
334 16 177 813 7079
335 16 168 799 6555
336 16 300 941 15598
337 16 267 910 13097
338 16 1 620 126
339 16 192 831 7993
340 16 300 947 15595
341 16 23 640 534
342 16 5 619 658
343 16 261 901 12660
344 16 8 622 692
345 16 16 636 292
346 17 104 732 3216
347 17 7 623 455
348 17 214 850 9407
349 17 91 712 2704
350 17 126 753 4282
351 17 20 634 1379
352 17 2 623 108
353 18 2 620 286
354 18 1 614 10003
355 18 55 677 1323
356 18 10 626 719
357 19 10 630 298
358 19 4 627 124
359 19 86 712 2451
360 19 19 640 404
361 19 46 673 986
362 20 33 659 638
363 20 32 654 699
364 20 27 653 490
365 20 20 640 546
366 20 2 623 212
367 20 6 629 167
368 20 13 629 2640
369 20 7 624 1166
370 20 3 619 2515
371 20 40 659 1158
372 20 32 655 666
373 20 31 650 917
374 20 19 637 873
375 20 54 676 1346
376 20 52 674 1281
377 20 1 620 403
378 20 17 640 333
379 20 26 650 497
380 20 1 621 280
381 20 31 657 587
382 21 67 696 1696
383 21 15 636 452
384 21 36 663 717
385 21 3 621 1126
386 21 11 634 265
387 21 23 646 487
388 21 66 696 1653
389 21 244 889 11445
390 21 104 732 3240
391 21 265 913 12950
392 21 43 667 969
393 21 22 646 433
394 21 9 625 10081
395 21 250 899 11867
396 21 3 619 10015
397 21 202 839 8633
398 21 2 619 2508
399 22 31 657 617
400 22 156 788 5884
401 22 2 623 408
402 22 300 949 15597
403 22 23 651 400
404 22 7 626 1166
405 22 23 651 400
406 22 200 837 8507
407 22 2 627 131
408 23 12 637 280
409 23 300 948 15598
410 23 31 655 721
411 23 300 951 15597
412 23 111 749 3531
413 23 87 719 2478
414 23 31 661 576
415 23 300 949 15598
416 23 133 773 4620
417 23 18 640 629
418 23 147 779 5391
419 23 142 778 5104
420 23 156 792 5873
421 23 47 669 1366
422 23 25 646 1000
423 23 110 740 3520
424 23 5 626 658
425 23 50 674 1264
426 24 14 634 2657
427 24 2 625 408
428 24 23 644 1442
429 24 83 714 2327
430 24 5 630 237
431 24 11 636 313
432 24 37 659 1300
433 24 32 662 612
434 24 30 658 592
435 25 2 624 1119
436 25 18 647 329
437 25 295 950 15208
438 25 77 713 2061
439 25 4 633 124
440 25 15 644 274
441 25 8 630 1178
442 25 300 957 15595
443 25 9 638 181
444 25 14 641 313
445 25 22 649 465
446 25 17 645 333
447 25 23 651 454
448 25 300 952 15597
449 25 5 633 156
450 25 33 662 668
451 26 41 667 1065
452 26 252 902 12012
453 26 12 641 248
454 26 259 914 12512
455 26 118 751 3904
456 26 11 633 2609
457 26 15 644 297
458 26 153 794 5700
459 26 1 630 126
460 26 153 789 5716
461 26 31 659 674
462 26 7 637 155
463 26 117 749 3866
464 26 30 656 770
465 26 48 682 1048
466 26 15 644 297
467 26 85 720 2395
468 26 2 624 2508
469 26 25 651 652
470 26 205 848 8824
471 26 9 631 2581
472 26 34 663 718
473 27 7 630 2555
474 27 300 958 15595
475 27 1 632 103
476 27 37 664 952
477 27 36 666 771
478 27 29 658 624
479 27 30 655 1117
480 27 149 787 5490
481 27 149 787 5490
482 27 124 760 4186
483 27 210 857 9144
484 27 21 645 1399
485 27 146 788 5315
486 27 163 810 6257
487 27 24 650 752
488 27 2 628 408
489 27 300 952 15598
490 27 300 960 15595
491 28 149 795 5473
492 28 143 782 5164
493 28 137 779 4835
494 28 135 780 4724
495 28 122 758 4093
496 28 69 703 1788
497 28 4 627 10024
498 28 28 653 1555
499 28 26 659 480
500 28 100 736 3051
501 28 28 661 527
502 28 10 636 719
503 28 171 811 6739
504 28 9 636 481
505 29 84 725 2340
506 29 43 673 1049
507 29 2 626 10008
508 29 55 689 1306
509 29 61 691 1633
510 29 15 646 330
511 29 59 691 1483
512 29 16 650 274
513 29 39 670 886
514 29 32 663 699
515 30 54 687 1313
516 30 25 658 498
517 30 27 658 624
518 30 13 648 223
519 30 300 956 15598
520 30 35 666 825
521 30 38 673 785
522 30 48 682 1097
523 30 55 689 1323
524 30 53 692 1201
525 30 24 655 556
526 31 35 666 898
527 31 2 637 108
528 31 4 638 147
529 31 1 635 126
530 31 281 937 14141
531 31 41 672 1065
532 31 67 703 1727
533 31 32 667 643
534 31 30 661 770
535 31 113 752 3654
536 31 6 636 444
537 31 137 784 4831
538 31 138 785 4884
539 31 11 638 2609
540 31 103 748 3161
541 31 51 689 1151
542 31 51 690 1143
543 31 241 897 11234
544 31 102 738 3173
545 31 254 914 12152
546 31 113 758 3628
547 31 149 795 5479
548 31 251 909 11938
549 31 29 661 672
550 31 36 673 717
551 31 255 914 12224
552 31 33 668 668
553 31 12 647 224
554 31 13 643 540
555 31 24 660 435
556 31 17 647 610
557 31 21 652 566
558 31 44 677 1031
559 31 51 682 1370
560 32 1 635 159
561 32 144 787 5218
562 32 48 687 1056
563 32 179 828 7203
564 32 16 650 348
565 32 41 678 870
566 32 63 698 1623
567 32 24 660 452
568 32 10 641 494
569 32 5 635 658
570 32 209 859 9081
571 32 24 656 630
572 33 108 749 3418
573 33 101 739 3127
574 33 6 636 1155
575 33 108 755 3392
576 33 105 746 3278
577 33 2 639 108
578 33 29 666 568
579 33 28 662 648
580 33 19 650 873
581 33 21 657 412
582 33 19 656 348
583 33 20 650 1379
584 33 15 652 274
585 33 162 815 6200
586 33 162 812 6204
587 33 164 808 6335
588 33 115 758 3738
589 33 139 781 4960
590 33 90 727 2661
591 33 27 661 624
592 33 15 651 297
593 34 62 706 1503
594 34 68 710 1733
595 34 37 673 831
596 34 69 706 1842
597 34 35 672 744
598 34 35 676 680
599 34 34 670 751
600 34 44 682 975
601 34 89 735 2549
602 34 96 735 2904
603 34 15 653 274
604 34 300 967 15595
605 34 1 631 2503
606 34 36 675 730
607 34 52 694 1175
608 35 2 637 286
609 35 8 641 692
610 35 20 661 337
611 35 25 662 531
612 35 5 639 433
613 35 1 640 103
614 36 10 648 251
615 36 32 675 602
616 36 234 897 10747
617 36 40 676 1036
618 36 182 831 7393
619 36 155 803 5820
620 36 16 648 2692
621 36 17 658 292
622 36 8 643 467
623 36 261 921 12660
624 36 154 805 5755
625 36 15 649 799
626 36 8 647 191
627 36 38 679 785
628 36 66 712 1647
629 36 32 667 943
630 36 2 641 131
631 36 5 636 10033
632 36 22 662 409
633 37 175 827 6967
634 37 125 776 4217
635 37 8 640 10067
636 37 2 636 1119
637 37 1 635 1114
638 37 229 884 10413
639 38 12 652 280
640 38 2 639 408
641 38 33 669 1193
642 38 132 782 4580
643 38 96 745 2856
644 38 41 685 857
645 38 50 694 1130
646 38 13 647 2640
647 38 15 658 256
648 38 32 669 943
649 38 50 689 1264
650 38 50 693 1143
651 39 2 643 164
652 39 24 666 476
653 39 46 684 1335
654 39 300 969 15596
655 39 2 644 131
656 39 2 642 212
657 40 30 670 770
658 40 19 663 348
659 40 14 659 239
660 40 14 656 313
661 40 300 965 15598
662 40 300 972 15595
663 40 300 965 15598
664 40 300 966 15598
665 40 30 674 592
666 40 1 640 403
667 40 46 691 1018
668 40 300 973 15595
669 40 300 966 15598
670 40 300 969 15596
671 40 6 642 2544
672 40 300 971 15595
673 40 12 648 2624
674 40 3 641 640
675 40 300 972 15595
676 40 300 972 15595
677 41 33 681 627
678 41 16 661 292
679 41 8 651 224
680 41 1 640 628
681 41 300 966 15598
682 41 95 741 2860
683 41 32 676 666
684 41 33 676 724
685 41 108 763 3392
686 41 142 792 5120
687 41 149 801 5490
688 41 2 640 1119
689 41 3 645 219
690 41 300 971 15596
691 41 183 839 7449
692 41 11 648 2609
693 41 300 975 15594
694 42 41 690 846
695 42 41 685 943
696 42 13 658 264
697 42 33 676 772
698 42 1 641 628
699 42 80 730 2197
700 42 2 647 131
701 42 104 758 3212
702 42 20 668 337
703 42 37 682 798
704 42 40 690 809
705 42 201 864 8562
706 42 6 643 10044
707 42 300 969 15597
708 42 300 975 15595
709 42 300 973 15595
710 42 228 887 10347
711 42 120 773 3978
712 42 11 655 265
713 42 60 710 1445
714 43 51 697 1216
715 43 1 646 159
716 43 28 672 648
717 43 28 676 527
718 43 122 777 4073
719 43 28 676 527
720 43 105 761 3255
721 43 13 661 223
722 43 50 693 1338
723 43 33 678 724
724 43 33 683 627
725 43 19 659 1359
726 43 22 669 409
727 43 108 764 3394
728 43 1 646 159
729 43 34 678 798
730 43 84 739 2340
731 43 161 822 6145
732 44 7 648 1166
733 44 38 682 980
734 44 2 650 108
735 44 23 665 955
736 44 30 679 575
737 44 18 661 629
738 44 300 973 15596
739 44 300 971 15597
740 44 90 741 2620
741 44 54 707 1234
742 44 59 710 1418
743 44 47 699 1017
744 44 61 706 1633
745 44 8 655 191
746 44 111 764 3552
747 44 1 641 2503
748 44 300 974 15596
749 45 300 975 15596
750 45 5 646 2533
751 45 300 977 15595
752 45 300 971 15598
753 45 21 667 492
754 45 1 648 159
755 45 19 661 1359
756 45 300 977 15595
757 45 19 661 1359
758 45 42 688 1020
759 45 1 641 10003
760 45 300 972 15597
761 46 73 723 1971
762 46 138 792 4914
763 46 108 767 3394
764 46 205 870 8821
765 46 56 708 1326
766 46 12 663 207
767 46 116 769 3807
768 46 27 676 544
769 46 248 919 11726
770 46 36 685 771
771 46 1 650 126
772 46 30 675 892
773 46 242 907 11309
774 46 9 654 481
775 46 11 653 2609
776 46 30 681 575
777 46 268 936 13174
778 46 4 646 2524
779 47 167 831 6493
780 47 114 772 3686
781 47 33 685 651
782 47 32 686 602
783 47 135 792 4744
784 47 135 790 4756
785 47 83 734 2368
786 47 32 685 612
787 47 139 796 4955
788 48 1 648 403
789 48 36 689 730
790 48 17 670 292
791 48 23 675 430
792 48 12 659 524
793 48 16 666 348
794 48 300 977 15596
795 49 5 658 133
796 49 2 647 2508
797 49 30 684 575
798 49 38 685 1327
799 49 30 683 592
800 49 40 688 1158
801 49 55 712 1274
802 50 300 979 15596
803 50 19 670 452
804 50 300 976 15598
805 50 300 979 15596
806 50 43 701 896
807 50 50 703 1184
808 50 48 702 1097
809 50 300 979 15596
810 50 2 652 286
811 50 5 651 2533
812 50 1 651 280
813 50 11 661 387
814 50 71 732 1829
815 50 4 657 147
816 50 2 650 633
817 50 4 657 147
818 51 265 944 12950
819 51 181 851 7321
820 51 228 900 10341
821 51 15 665 574
822 51 7 653 10055
823 51 40 692 963
824 51 77 732 2127
825 51 236 907 10891
826 51 1 652 280
827 52 116 777 3792
828 52 64 719 1659
829 52 37 687 1300
830 52 37 696 734
831 52 39 697 800
832 52 126 790 4273
833 52 30 682 770
834 52 15 670 297
835 52 1 657 103
836 52 101 761 3096
837 52 56 712 1357
838 52 103 764 3180
839 52 101 761 3096
840 52 59 714 1483
841 52 31 687 617
842 53 2 653 633
843 53 49 702 1306
844 53 33 691 651
845 53 50 708 1143
846 53 56 716 1316
847 53 65 725 1631
848 53 8 660 467
849 54 88 753 2511
850 54 1 656 207
851 54 2 658 164
852 54 57 711 1568
853 54 50 705 1264
854 54 50 709 1143
855 54 31 691 587
856 54 31 686 721
857 54 96 757 2880
858 55 4 655 2524
859 55 48 707 1097
860 55 15 669 574
861 55 8 666 191
862 55 21 673 1399
863 55 26 683 553
864 55 21 674 913
865 55 5 659 433
866 55 5 658 658
867 55 4 660 228
868 55 33 695 627
869 55 6 659 669
870 55 39 693 1130
871 55 42 700 940
872 55 31 684 1142
873 55 50 713 1111
874 55 24 676 1463
875 55 24 681 508
876 55 41 698 943
877 55 4 659 301
878 56 42 702 916
879 56 8 659 10067
880 56 12 670 280
881 56 216 893 9537
882 56 5 656 10033
883 56 235 917 10817
884 56 2 654 2508
885 56 57 715 1447
886 56 101 764 3104
887 56 30 690 592
888 56 40 700 858
889 56 90 756 2600
890 56 7 659 2555
891 56 41 705 838
892 56 4 664 124
893 56 89 748 2642
894 56 277 962 13838
895 56 58 720 1394
896 56 11 666 509
897 56 22 682 409
898 57 221 904 9865
899 57 123 788 4143
900 57 205 877 8828
901 57 1 657 403
902 58 68 731 1764
903 58 81 745 2256
904 58 64 723 1740
905 58 2 663 131
906 58 146 815 5326
907 58 26 684 675
908 58 11 665 2609
909 58 52 717 1184
910 58 9 664 1192
911 59 9 670 237
912 59 91 754 2704
913 59 99 762 3055
914 59 25 684 652
915 59 300 988 15596
916 60 31 691 795
917 60 4 667 147
918 60 5 663 658
919 60 33 697 668
920 60 1 660 403
921 60 28 689 648
922 60 29 688 868
923 60 22 681 709
924 60 30 692 649
925 60 27 691 520
926 60 2 666 108
927 60 31 694 641
928 61 73 737 1994
929 61 2 662 408
930 61 100 769 3051
931 61 14 679 257
932 61 108 777 3418
933 61 18 677 854
934 61 89 755 2601
935 61 2 667 108
936 61 32 699 612
937 61 2 658 10008
938 61 300 991 15596
939 62 35 697 898
940 62 113 783 3654
941 62 2 663 408
942 62 178 857 7143
943 63 2 661 2508
944 63 140 819 4990
945 63 123 798 4123
946 63 82 755 2266
947 63 7 666 2555
948 63 104 778 3216
949 64 78 752 2105
950 64 111 790 3531
951 64 40 711 818
952 64 42 709 940
953 64 47 710 1366
954 64 41 711 857
955 64 78 750 2117
956 64 11 679 209
957 64 2 670 108
958 64 7 673 211
959 64 88 758 2545
960 64 93 764 2749
961 64 82 752 2297
962 64 107 777 3389
963 65 12 675 749
964 65 300 997 15595
965 65 40 709 858
966 65 2 670 131
967 65 12 674 1235
968 65 22 692 392
969 65 21 687 492
970 65 14 681 313
971 66 11 682 192
972 66 46 720 986
973 66 33 705 638
974 66 32 696 1168
975 66 33 706 627
976 66 1 666 403
977 66 11 679 265
978 66 20 683 1379
979 66 2 669 212
980 66 5 675 133
981 66 12 683 207
982 66 24 688 977
983 67 50 720 1184
984 67 118 792 3904
985 67 69 741 1802
986 68 149 833 5476
987 68 2 667 1119
988 68 300 995 15597
989 68 89 761 2618
990 68 71 744 1877
991 68 2 672 164
992 68 32 705 625
993 68 87 764 2478
994 68 63 741 1539
995 68 40 715 818
996 69 2 667 2508
997 69 63 738 1569
998 70 10 676 2594
999 70 47 723 1036
1000 70 17 686 610
1001 70 6 672 2544
1002 70 2 671 408
1003 70 1 666 10003
1004 70 1 675 103
1005 70 45 714 1305
1006 71 16 683 2692
1007 71 33 704 846
1008 71 42 719 886
1009 71 17 685 1321
1010 71 42 714 1020
1011 71 17 686 835
1012 71 33 706 724
1013 71 33 707 692
1014 71 51 728 1162
1015 71 17 689 414
1016 71 125 810 4217
1017 71 6 673 2544
1018 71 25 695 775
1019 71 40 713 915
1020 71 33 705 772
1021 71 14 682 1268
1022 71 5 672 2533
1023 71 34 707 751
1024 72 18 690 506
1025 72 43 715 1123
1026 72 65 744 1631
1027 72 60 738 1463
1028 72 1 675 159
1029 72 13 689 240
1030 73 46 720 1140
1031 73 113 801 3626
1032 73 71 751 1853
1033 74 35 714 703
1034 74 95 776 2837
1035 74 2 677 212
1036 74 72 752 1902
1037 74 73 756 1915
1038 74 60 744 1433
1039 74 60 742 1445
1040 74 21 694 688
1041 75 37 716 775
1042 75 77 755 2150
1043 75 1 673 1114
1044 76 24 701 556
1045 76 15 692 378
1046 76 25 707 444
1047 76 18 698 329
1048 76 54 735 1273
1049 76 39 715 1008
1050 76 46 721 1335
1051 76 69 752 1778
1052 76 2 679 212
1053 76 18 693 629
1054 76 12 684 2624
1055 76 13 685 2640
1056 76 1 677 280
1057 76 266 969 13024
1058 76 279 982 13989
1059 76 8 680 2567
1060 76 24 699 752
1061 76 37 711 1300
1062 76 77 758 2109
1063 77 23 697 1442
1064 77 75 762 1987
1065 77 8 687 224
1066 77 100 785 3051
1067 77 209 909 9076
1068 77 210 903 9150
1069 77 212 911 9273
1070 78 11 687 734
1071 78 2 676 2508
1072 78 115 799 3769
1073 78 78 763 2125
1074 79 44 727 975
1075 79 76 757 2143
1076 79 57 744 1342
1077 79 37 719 798
1078 80 27 711 520
1079 80 2 683 212
1080 80 14 697 280
1081 80 20 704 368
1082 80 18 694 2729
1083 80 5 683 658
1084 80 31 711 795
1085 80 33 719 638
1086 80 33 714 772
1087 80 39 724 813
1088 81 49 738 1080
1089 81 53 735 1361
1090 81 64 752 1595
1091 81 31 710 1142
1092 81 1 684 159
1093 81 38 720 906
1094 81 23 701 1442
1095 81 15 700 274
1096 81 3 687 139
1097 81 125 822 4213
1098 81 52 741 1175
1099 81 4 680 10024
1100 81 38 726 761
1101 81 30 710 892
1102 81 2 687 108
1103 82 29 709 1093
1104 82 1 680 1114
1105 82 58 747 1384
1106 82 36 723 730
1107 82 1 687 103
1108 82 32 719 625
1109 82 30 716 592
1110 83 22 704 709
1111 83 14 700 280
1112 83 14 694 1268
1113 83 17 701 414
1114 83 16 703 292
1115 84 18 706 329
1116 84 32 718 699
