1 0 1 103 207
2 0 43 149 905
3 0 44 143 1153
4 0 36 139 748
5 0 14 111 782
6 0 15 116 330
7 0 2 96 10008
8 0 44 148 958
9 0 21 120 566
10 0 34 140 653
11 0 58 157 1602
12 0 3 118 640
13 0 1 102 159
14 0 10 108 494
15 0 9 108 358
16 0 13 114 296
17 0 13 110 765
18 0 2 105 108
19 0 20 117 893
20 0 56 162 1316
21 1 2 103 212
22 1 15 113 799
23 1 19 118 648
24 1 7 109 211
25 1 12 117 207
26 1 21 126 371
27 1 20 119 668
28 1 15 113 799
29 1 25 131 444
30 1 34 139 677
31 1 42 144 972
32 1 2 102 286
33 1 1 96 10003
34 1 13 111 765
35 1 12 117 207
36 1 13 116 264
37 2 22 120 1420
38 2 36 141 748
39 2 43 146 1002
40 2 23 123 730
41 2 44 144 1275
42 2 16 119 348
43 2 20 119 893
44 2 10 112 298
45 2 2 103 286
46 2 6 106 444
47 2 244 371 11443
48 2 35 140 721
49 2 40 145 858
50 2 41 147 870
51 2 2 101 633
52 2 57 167 1335
53 2 22 126 433
54 2 24 123 977
55 2 12 114 328
56 2 1 98 2503
57 2 214 333 9409
58 2 5 110 133
59 2 3 102 640
60 2 28 127 1069
61 2 31 139 576
62 2 28 133 544
63 2 190 313 7869
64 2 1 101 403
65 2 25 128 531
66 2 42 142 1216
67 2 28 130 648
68 3 16 121 315
69 3 15 121 274
70 3 31 137 617
71 3 66 177 1653
72 3 59 167 1429
73 3 115 231 3724
74 3 17 119 488
75 3 189 307 7815
76 3 16 115 1303
77 3 39 143 886
78 3 67 179 1684
79 3 36 136 1273
80 3 36 138 925
81 3 31 131 1142
82 3 98 207 2969
83 3 2 103 408
84 3 16 118 469
85 3 2 103 408
86 3 46 152 1035
87 3 71 177 1894
88 3 7 109 333
89 3 94 204 2785
90 3 53 162 1216
91 4 3 103 1126
92 4 87 199 2478
93 4 36 145 717
94 5 56 160 1534
95 5 64 171 1659
96 5 57 168 1350
97 5 50 156 1216
98 5 57 168 1350
99 5 62 169 1588
100 5 2 108 164
101 5 20 129 350
102 5 8 111 467
103 5 58 167 1407
104 5 80 196 2177
105 5 63 172 1582
106 5 1 106 207
107 6 11 113 1220
108 6 14 124 239
109 6 15 121 378
110 6 30 134 892
111 6 17 122 488
112 6 16 126 274
113 6 16 117 2692
114 6 11 121 192
115 6 2 108 212
116 6 30 133 1117
117 6 23 126 955
118 6 46 156 1018
119 6 30 140 575
120 7 83 196 2327
121 7 37 149 744
122 7 14 121 361
123 7 52 159 1329
124 7 241 375 11232
125 7 1 105 628
126 7 10 118 251
127 7 103 222 3163
128 7 37 143 952
129 7 51 160 1216
130 7 45 159 956
131 7 203 324 8699
132 7 25 133 531
133 7 59 174 1404
134 7 7 116 179
135 7 13 118 540
136 7 35 146 703
137 7 284 414 14369
138 7 80 195 2191
139 7 4 106 2524
140 7 300 436 15596
141 7 32 145 602
142 7 285 421 14441
143 7 10 119 218
144 7 17 125 366
145 7 12 121 248
146 8 15 126 274
147 8 17 126 366
148 8 180 304 7263
149 8 300 440 15595
150 8 11 115 1220
151 8 54 161 1468
152 8 31 139 721
153 8 17 120 2710
154 8 64 176 1618
155 8 90 205 2612
156 8 54 165 1290
157 8 64 176 1618
158 8 31 143 600
159 8 90 204 2620
160 8 145 262 5277
161 8 24 133 508
162 8 15 127 256
163 8 5 107 10033
164 8 5 116 133
165 8 15 124 330
166 8 15 121 574
167 8 32 142 666
168 8 14 123 313
169 8 1 104 2503
170 8 17 121 1321
171 8 110 231 3486
172 9 82 197 2286
173 9 145 270 5256
174 9 145 267 5263
175 9 2 114 108
176 9 10 121 218
177 9 67 181 1714
178 9 67 179 1745
179 9 1 112 126
180 9 57 173 1342
181 9 58 169 1448
182 9 18 123 1340
183 9 51 167 1143
184 9 58 175 1369
185 9 51 165 1162
186 9 15 123 452
187 9 16 123 592
188 9 82 200 2266
189 9 65 175 1728
190 9 161 287 6145
191 9 56 169 1339
192 9 172 301 6780
193 9 161 286 6147
194 9 1 106 1114
195 9 97 210 2948
196 9 82 200 2266
197 9 47 162 1025
198 9 73 188 1930
199 10 17 129 333
200 10 53 168 1226
201 10 300 443 15594
202 10 1 109 403
203 10 16 124 592
204 10 65 175 1776
205 10 66 179 1708
206 10 65 175 1776
207 10 31 147 576
208 10 17 124 835
209 10 24 135 508
210 10 30 141 649
211 10 88 208 2511
212 10 15 120 2674
213 10 300 439 15596
214 10 12 126 207
215 10 300 443 15594
216 10 30 144 575
217 10 110 228 3505
218 10 43 154 1002
219 10 115 238 3724
220 10 98 217 2949
221 10 102 216 3173
222 10 99 216 3006
223 10 99 220 2985
224 10 91 212 2635
225 11 300 442 15595
226 11 4 113 424
227 11 27 142 503
228 11 16 123 1303
229 11 9 116 1192
230 11 14 128 257
231 11 14 129 239
232 11 2 110 633
233 11 1 112 207
234 11 16 130 292
235 11 1 106 10003
236 11 166 289 6443
237 11 300 442 15595
238 11 300 440 15596
239 11 300 439 15596
240 11 46 157 1140
241 11 16 124 817
242 11 30 147 552
243 11 46 161 1018
244 11 46 159 1059
245 12 95 210 2877
246 12 21 135 412
247 12 300 440 15596
248 12 23 137 454
249 12 83 199 2351
250 12 216 347 9538
251 12 6 117 321
252 12 3 117 139
253 12 52 171 1175
254 12 22 132 709
255 12 23 137 454
256 12 300 441 15596
257 12 10 125 194
258 12 37 146 1300
259 12 261 394 12662
260 12 45 156 1183
261 12 13 120 2640
262 12 4 111 2524
263 12 20 131 546
264 12 6 117 321
265 13 125 250 4220
266 13 31 142 917
267 13 187 315 7692
268 13 29 139 1093
269 13 6 121 167
270 13 37 147 1300
271 13 22 140 379
272 13 1 117 103
273 13 85 202 2433
274 13 143 264 5174
275 13 128 251 4379
276 13 209 338 9083
277 13 208 342 9012
278 14 1 114 280
279 14 36 147 1273
280 14 14 123 2657
281 14 39 158 800
282 14 59 175 1483
283 14 29 142 746
284 14 39 159 789
285 14 29 145 591
286 14 133 263 4620
287 14 2 111 2508
288 14 22 135 587
289 14 94 211 2834
290 14 32 147 699
291 14 20 133 546
292 14 140 271 4986
293 14 149 272 5495
294 15 84 208 2348
295 15 31 147 674
296 15 1 115 280
297 15 84 207 2354
298 15 77 202 2061
299 15 3 120 139
300 15 67 189 1696
301 15 17 129 835
302 15 38 158 772
303 15 1 112 1114
304 15 47 169 1017
305 15 87 210 2478
306 15 16 128 817
307 15 96 220 2860
308 15 101 220 3127
309 15 38 150 1327
310 15 46 163 1059
311 15 32 150 643
312 15 46 165 1018
313 16 2 112 10008
314 16 12 125 749
315 16 3 120 171
316 16 42 162 899
317 16 2 121 108
318 17 231 366 10548
319 17 10 129 218
320 17 1 120 126
321 17 186 320 7627
322 17 16 135 315
323 17 22 135 1420
324 17 30 145 892
325 17 10 131 177
326 17 9 124 481
327 17 281 429 14138
328 17 23 145 400
329 17 12 129 328
330 17 11 124 1220
331 17 280 421 14066
332 17 20 136 546
333 17 5 117 2533
334 17 236 376 10887
335 18 7 123 455
336 18 300 444 15597
337 18 300 444 15597
338 18 14 129 782
339 18 24 138 1463
340 18 197 333 8311
341 18 126 255 4273
342 18 16 131 817
343 18 4 125 124
344 18 140 266 5013
345 18 180 313 7265
346 18 59 184 1410
347 18 300 444 15597
348 18 62 181 1620
349 18 211 344 9215
350 18 227 365 10274
351 18 39 162 800
352 18 32 147 1168
353 18 38 157 858
354 18 46 164 1140
355 18 171 309 6722
356 18 209 347 9078
357 19 75 199 2018
358 19 1 114 10003
359 19 10 130 251
360 19 130 259 4481
361 19 17 140 292
362 19 14 137 239
363 19 38 158 858
364 19 37 158 798
365 19 157 287 5932
366 19 4 123 228
367 19 44 162 1153
368 19 103 235 3161
369 19 66 185 1812
370 19 14 132 434
371 19 38 154 1327
372 19 52 178 1175
373 19 44 170 926
374 20 14 131 782
375 20 15 137 297
376 20 48 167 1275
377 20 48 171 1097
378 20 37 157 879
379 20 48 170 1121
380 20 58 186 1369
381 20 45 163 1305
382 20 2 121 286
383 21 35 155 898
384 21 2 126 108
385 21 10 134 194
386 21 300 448 15597
387 21 2 125 131
388 21 6 129 167
389 21 20 139 668
390 21 29 147 1093
391 21 22 143 513
392 21 25 148 498
393 21 8 125 1178
394 21 30 152 649
395 21 43 164 1049
396 21 15 135 452
397 21 300 446 15598
398 21 15 135 452
399 21 15 140 256
400 22 13 130 2640
401 22 124 261 4163
402 22 107 241 3348
403 22 54 181 1259
404 22 126 261 4268
405 22 3 123 415
406 22 263 405 12809
407 22 67 197 1689
408 22 9 128 706
409 22 11 131 509
410 22 131 263 4532
411 22 47 170 1122
412 22 6 130 167
413 22 277 426 13839
414 22 1 125 126
415 22 2 126 131
416 22 37 164 744
417 23 300 450 15597
418 23 16 141 315
419 23 43 167 1002
420 23 183 325 7441
421 23 300 449 15597
422 23 300 453 15595
423 23 81 211 2238
424 23 300 449 15597
425 23 300 455 15595
426 23 6 128 321
427 23 23 151 400
428 23 300 453 15595
429 23 101 231 3096
430 23 300 450 15597
431 23 300 448 15598
432 23 20 145 391
433 23 16 141 315
434 23 190 334 7869
435 23 95 221 2877
436 24 1 125 207
437 24 24 144 1463
438 24 16 139 469
439 24 30 152 892
440 24 124 254 4201
441 25 9 135 237
442 25 56 187 1316
443 25 30 156 649
444 25 37 161 952
445 25 14 140 313
446 25 2 129 131
447 25 16 136 2692
448 25 58 190 1376
449 25 94 226 2785
450 26 36 168 707
451 26 50 178 1184
452 26 28 159 513
453 26 1 123 1114
454 26 1 129 126
455 27 64 200 1575
456 27 1 123 2503
457 27 31 160 641
458 27 231 379 10545
459 27 11 135 734
460 27 2 128 286
461 27 10 140 194
462 27 12 141 248
463 27 3 124 10015
464 27 22 148 587
465 27 18 141 1340
466 28 37 166 831
467 28 28 155 722
468 28 29 162 537
469 28 1 128 280
470 28 188 332 7752
471 28 35 169 680
472 28 6 137 144
473 28 15 145 297
474 29 57 190 1373
475 29 11 144 192
476 29 2 134 108
477 29 36 169 730
478 29 1 132 126
479 29 43 175 945
480 29 43 173 1002
481 29 3 127 2515
482 29 79 217 2145
483 29 85 216 2474
484 29 77 214 2071
485 29 300 462 15594
486 30 300 460 15595
487 30 64 198 1618
488 30 1 134 103
489 30 78 209 2222
490 31 13 139 2640
491 31 281 436 14141
492 31 87 222 2517
493 31 23 156 454
494 31 1 127 2503
495 31 29 165 537
496 31 15 141 2674
497 31 9 136 1192
498 31 22 150 934
499 32 8 134 10067
500 32 37 173 757
501 32 4 133 649
502 32 7 134 2555
503 32 11 139 1220
504 32 3 138 115
505 33 72 213 1877
506 33 171 322 6724
507 33 160 309 6090
508 33 1 133 280
509 33 300 466 15594
510 34 30 165 649
511 34 30 161 1117
512 34 81 223 2231
513 34 23 157 534
514 34 4 139 180
515 34 1 133 403
516 35 40 178 858
517 35 1 138 126
518 35 50 186 1216
519 36 300 466 15595
520 37 6 141 444
521 37 241 405 11232
522 37 247 408 11656
523 37 10 149 218
524 37 10 150 194
525 37 10 144 719
526 37 228 381 10347
527 37 230 390 10475
528 37 15 153 330
529 37 30 164 1117
530 37 2 139 212
531 38 38 177 858
532 38 86 235 2423
533 38 39 176 1008
534 38 54 191 1468
535 38 37 174 952
536 38 15 153 378
537 38 6 144 248
538 38 209 363 9083
539 38 100 249 3030
540 38 161 316 6145
541 38 89 230 2618
542 38 215 368 9478
543 38 79 219 2229
544 38 229 383 10415
545 38 87 230 2503
546 39 101 253 3070
547 39 2 140 286
548 39 12 150 402
549 39 72 221 1867
550 39 1 134 10003
551 40 2 137 2508
552 40 40 178 1158
553 40 15 153 574
554 41 26 169 521
555 41 27 173 490
556 41 19 162 371
557 41 49 195 1098
558 41 28 165 1555
559 41 2 142 286
560 41 26 170 497
561 41 23 166 454
562 41 6 145 444
563 41 42 187 899
564 41 50 198 1111
565 41 53 201 1208
566 41 9 144 10081
567 42 300 474 15595
568 42 13 159 223
569 42 246 407 11589
570 42 300 470 15596
571 42 1 144 159
572 42 229 395 10406
573 42 19 163 371
574 42 17 157 610
575 42 17 163 292
576 42 17 161 333
577 42 25 166 652
578 42 300 469 15597
579 42 32 174 747
580 42 37 181 798
581 42 10 155 194
582 42 31 177 600
583 42 4 149 124
584 42 17 156 835
585 43 15 153 2674
586 43 19 166 331
587 43 198 362 8371
588 43 7 152 179
589 44 300 469 15598
590 44 129 282 4434
591 44 133 291 4624
592 44 300 471 15597
593 44 136 291 4788
594 44 1 144 280
595 44 85 238 2390
596 44 19 166 348
597 45 50 196 1216
598 45 17 159 835
599 45 59 204 1563
600 45 69 221 1770
601 45 2 144 633
602 45 15 159 452
603 45 40 185 963
604 45 300 472 15597
605 45 37 188 734
606 45 1 147 159
607 45 44 196 926
608 45 1 140 10003
609 45 37 187 744
610 45 22 172 379
611 46 30 174 892
612 46 210 371 9150
613 46 5 152 189
614 46 22 165 934
615 46 295 465 15210
616 46 13 155 1251
617 46 7 154 211
618 46 1 142 2503
619 46 16 161 469
620 46 2 149 164
621 46 26 173 553
622 46 32 182 625
623 46 43 188 1123
624 46 16 159 817
625 46 46 190 1335
626 47 81 239 2217
627 47 8 155 271
628 47 10 158 251
629 47 15 158 1285
630 47 85 236 2433
631 47 64 217 1595
632 47 282 452 14217
633 47 9 155 358
634 47 23 174 413
635 47 187 346 7699
636 47 36 184 804
637 48 31 177 917
638 48 85 243 2385
639 48 56 203 1534
640 48 31 184 587
641 48 300 472 15598
642 48 9 159 204
643 48 4 150 424
644 49 32 183 666
645 49 32 181 747
646 49 110 273 3483
647 49 79 237 2145
648 49 132 288 4600
649 49 2 151 212
650 49 300 473 15598
651 49 18 169 352
652 49 18 163 1340
653 49 26 180 467
654 49 40 191 882
655 49 148 312 5422
656 49 149 313 5476
657 49 141 307 5040
658 49 33 181 846
659 49 95 256 2805
660 49 33 186 651
661 49 30 181 616
662 49 124 285 4170
663 49 13 161 418
664 49 109 268 3448
665 49 4 150 649
666 50 93 250 2741
667 50 90 244 2644
668 50 1 150 280
669 51 19 174 331
670 51 11 161 387
671 51 1 151 280
672 51 300 480 15596
673 51 22 173 513
674 51 1 147 2503
675 52 231 400 10550
676 52 90 252 2596
677 52 53 206 1313
678 52 40 192 963
679 52 14 163 782
680 52 40 195 858
681 52 1 150 628
682 52 2 156 131
683 52 5 159 156
684 53 95 254 2837
685 53 69 226 1802
686 53 176 344 7025
687 53 9 159 706
688 53 212 383 9276
689 53 12 166 280
690 53 15 169 330
691 53 96 256 2872
692 53 12 163 524
693 54 16 170 396
694 54 32 190 625
695 54 16 171 348
696 54 8 157 2567
697 54 13 165 540
698 54 15 167 574
699 54 31 185 721
700 54 31 190 587
701 54 77 237 2086
702 54 78 234 2190
703 54 72 235 1871
704 54 62 216 1668
705 54 163 334 6260
706 54 32 187 699
707 54 300 480 15597
708 54 163 330 6268
709 54 163 336 6257
710 54 6 161 200
711 54 300 480 15597
712 54 15 169 378
713 54 22 180 392
714 54 300 487 15594
715 54 116 275 3817
716 54 16 167 817
717 55 2 152 2508
718 55 6 158 669
719 55 60 216 1550
720 55 55 213 1323
721 55 64 219 1740
722 55 74 238 1948
723 55 61 216 1633
724 55 101 265 3084
725 55 31 189 617
726 55 23 181 430
727 56 35 191 825
728 56 4 163 124
729 56 1 160 103
730 56 85 248 2402
731 56 18 175 385
732 56 13 169 344
733 56 31 187 721
734 56 25 185 457
735 56 31 184 1142
736 56 30 184 892
737 56 46 204 1059
738 56 21 178 444
739 56 38 200 761
740 56 38 196 826
741 56 300 483 15597
742 57 5 158 1144
743 57 261 444 12658
744 57 12 173 207
745 57 53 210 1361
746 57 123 286 4151
747 57 61 222 1511
748 57 62 221 1588
749 57 47 209 1036
750 57 2 157 408
751 57 10 162 2594
752 57 13 168 540
753 57 16 168 2692
754 57 17 177 310
755 57 70 228 1913
756 57 12 167 524
757 57 32 193 625
758 57 32 188 820
759 57 2 154 2508
760 57 1 154 1114
761 57 84 243 2433
762 57 67 231 1696
763 57 82 247 2272
764 57 91 254 2663
765 57 68 232 1733
766 57 91 257 2643
767 57 10 167 298
768 57 25 178 1486
769 57 30 190 592
770 57 89 253 2569
771 57 33 187 1193
772 57 30 192 562
773 57 77 236 2150
774 58 6 165 200
775 58 91 252 2704
776 58 97 264 2905
777 58 3 163 139
778 58 69 230 1819
779 58 4 160 424
780 58 74 237 1979
781 58 16 171 817
782 58 97 263 2910
783 58 84 246 2392
784 58 69 231 1802
785 58 92 255 2716
786 58 76 244 2022
787 58 1 157 403
788 58 77 239 2109
789 58 171 340 6739
790 59 10 168 372
791 59 123 290 4136
792 59 73 236 1953
793 59 82 251 2262
794 59 82 244 2327
795 59 115 282 3744
796 59 157 327 5932
797 59 159 336 6030
798 59 156 332 5862
799 59 165 336 6386
800 60 10 170 298
801 60 44 207 975
802 60 39 203 813
803 60 48 207 1275
804 60 44 206 999
805 60 55 216 1379
806 61 52 215 1248
807 61 9 172 204
808 61 9 173 181
809 61 8 170 224
810 61 3 161 640
811 61 59 225 1429
812 61 2 160 633
813 61 1 164 126
814 61 18 183 311
815 61 36 200 748
816 61 45 205 1183
817 61 15 172 1285
818 62 210 391 9144
819 62 7 171 179
820 62 260 448 12586
821 62 234 414 10754
822 62 11 176 209
823 62 1 161 403
824 62 3 167 139
825 62 42 202 1216
826 62 1 164 159
827 63 1 167 103
828 63 72 236 1989
829 63 191 376 7930
830 63 300 491 15596
831 63 41 208 870
832 63 29 188 1579
833 63 48 215 1080
834 63 300 496 15594
835 63 209 387 9085
836 63 28 189 844
837 63 1 163 280
838 63 36 205 707
839 63 300 487 15598
840 64 13 179 264
841 64 35 199 825
842 64 136 314 4780
843 64 25 191 498
844 64 141 322 5040
845 64 30 199 562
846 64 88 255 2576
847 64 1 162 628
848 64 172 356 6780
849 64 145 325 5256
850 64 36 201 804
851 65 50 215 1264
852 65 14 174 2657
853 65 51 220 1175
854 65 61 228 1552
855 65 50 216 1216
856 65 9 169 2581
857 65 44 214 945
858 66 43 216 896
859 66 41 205 1187
860 66 2 166 408
861 66 16 177 2692
862 67 3 166 1126
863 67 77 245 2183
864 67 10 175 494
865 67 237 424 10959
866 67 85 255 2450
867 67 78 247 2190
868 67 3 171 171
869 67 55 225 1323
870 67 24 188 977
871 67 261 451 12660
872 68 53 224 1257
873 68 5 171 433
874 68 300 494 15597
875 68 300 499 15595
876 68 45 212 1183
877 68 36 203 925
878 68 40 208 963
879 68 12 180 328
880 68 9 177 285
881 68 14 182 361
882 68 11 181 232
883 68 10 174 1205
884 68 300 494 15597
885 69 1 172 126
886 69 1 171 159
887 69 11 180 313
888 69 300 494 15598
889 69 1 170 207
890 70 12 182 328
891 70 45 222 956
892 70 64 236 1659
893 70 99 279 2989
894 70 60 233 1494
895 70 2 172 212
896 71 3 175 171
897 71 2 173 212
898 71 4 170 2524
899 71 4 171 1135
900 71 14 182 782
901 71 15 188 297
902 71 17 192 292
903 71 37 209 831
904 72 61 233 1633
905 72 12 185 280
906 72 11 183 313
907 72 12 180 1235
908 72 4 172 1135
909 72 88 265 2545
910 73 3 170 10015
911 73 3 177 171
912 73 3 178 139
913 73 52 227 1248
914 73 3 177 171
915 73 1 176 126
916 73 58 232 1481
917 73 6 174 2544
918 73 57 229 1568
919 73 79 258 2165
920 73 101 286 3072
921 73 21 195 444
922 73 6 178 321
923 73 79 253 2262
924 73 20 192 546
925 73 20 197 350
926 73 45 216 1305
927 73 213 407 9338
928 73 7 179 333
929 73 13 181 2640
930 73 13 181 2640
931 73 219 410 9738
932 73 56 232 1357
933 73 82 263 2272
934 73 59 237 1429
935 73 57 229 1568
936 73 165 350 6386
937 73 8 180 345
938 73 88 271 2511
939 73 73 256 1905
940 73 80 260 2197
941 74 58 237 1394
942 74 3 171 10015
943 74 15 192 274
944 74 75 259 1983
945 74 84 269 2340
946 74 4 180 147
947 74 63 245 1544
948 74 69 243 1923
949 74 4 175 649
950 74 84 267 2348
951 74 125 305 4251
952 74 73 249 1994
953 74 4 181 124
954 74 86 269 2431
955 74 4 179 180
956 74 57 237 1350
957 74 52 225 1402
958 74 3 174 640
959 74 72 249 1932
960 74 3 172 2515
961 75 1 173 628
962 75 62 245 1509
963 75 40 221 818
964 75 4 177 424
965 75 55 237 1274
966 75 2 178 164
967 75 74 256 1960
968 75 65 245 1641
969 75 4 179 228
970 75 70 254 1796
971 75 54 235 1249
972 75 1 175 280
973 75 300 501 15597
974 75 300 503 15596
975 75 3 177 293
976 75 32 204 1168
977 75 33 210 692
978 75 54 236 1241
979 75 3 176 415
980 75 65 245 1641
981 75 300 506 15595
982 75 103 288 3170
983 75 3 181 115
984 75 63 240 1623
985 75 102 282 3159
986 75 7 183 211
987 75 5 181 189
988 75 99 284 2989
989 75 5 180 237
990 75 66 243 1732
991 75 57 238 1350
992 75 1 171 2503
993 75 5 179 311
994 75 73 257 1910
995 75 64 248 1575
996 76 41 219 911
997 76 33 207 968
998 76 32 207 820
999 76 29 203 868
1000 76 20 193 893
1001 76 19 196 404
1002 76 16 187 2692
1003 76 133 318 4640
1004 76 133 318 4640
1005 76 7 186 155
1006 76 6 183 200
1007 76 17 190 835
1008 76 41 220 887
1009 76 40 221 828
1010 76 57 234 1447
1011 76 18 196 352
1012 76 16 189 817
1013 76 18 190 1340
1014 76 2 175 633
1015 76 22 198 513
1016 76 30 212 552
1017 76 25 201 579
1018 76 40 215 1036
1019 76 32 214 602
1020 76 57 235 1414
1021 77 15 196 256
1022 77 49 232 1088
1023 77 40 217 963
1024 77 185 375 7573
1025 77 255 451 12230
1026 77 55 238 1282
1027 77 94 280 2773
1028 77 64 241 1740
1029 77 55 232 1427
1030 77 11 183 2609
1031 77 63 242 1623
1032 77 72 255 1891
1033 77 3 181 171
1034 77 54 234 1290
1035 77 94 277 2793
1036 77 86 270 2443
1037 77 80 265 2191
1038 77 19 192 1359
1039 77 4 179 424
1040 77 111 293 3577
1041 77 101 285 3096
1042 77 93 274 2773
1043 77 10 189 218
1044 78 96 281 2872
1045 78 44 224 999
1046 78 16 191 817
1047 78 60 247 1433
1048 78 85 268 2420
1049 78 121 309 4027
1050 78 2 181 164
1051 78 82 270 2262
1052 78 208 400 9022
1053 78 7 181 1166
1054 78 47 224 1244
1055 78 60 239 1550
1056 78 78 264 2111
1057 78 16 198 274
1058 78 220 415 9806
1059 78 91 278 2643
1060 79 39 216 1130
1061 79 15 195 330
1062 79 62 250 1503
1063 79 39 223 800
1064 79 14 190 782
1065 79 3 185 115
1066 79 19 198 452
1067 80 1 179 403
1068 80 43 227 928
1069 80 16 195 469
1070 80 61 246 1498
1071 80 84 270 2368
1072 80 30 216 552
1073 80 14 189 2657
1074 80 14 195 313
1075 80 61 241 1633
1076 81 21 198 1399
1077 81 2 180 633
1078 81 46 232 1005
1079 81 2 182 286
1080 81 17 201 310
1081 81 13 194 344
1082 81 1 180 403
1083 81 13 192 540
1084 81 2 178 2508
1085 81 23 209 400
1086 81 22 202 587
1087 81 21 207 358
1088 81 14 196 313
1089 81 34 215 798
1090 81 34 221 653
1091 81 35 222 680
1092 81 33 216 692
1093 81 15 193 799
1094 81 29 207 1093
1095 82 160 359 6088
1096 82 58 247 1376
1097 82 78 262 2190
1098 82 83 273 2312
1099 82 82 269 2297
1100 82 11 191 509
1101 82 10 195 194
1102 82 1 177 10003
1103 82 13 196 296
1104 82 38 220 906
1105 82 10 192 298
1106 82 279 487 13989
1107 82 3 188 115
1108 82 15 200 274
1109 82 2 181 633
1110 83 7 184 10055
1111 83 35 220 744
1112 83 215 414 9476