1 0 0 0 0
2 0 0 0 0
3 0 0 0 0
4 0 0 0 0
5 0 0 0 0
6 0 0 0 0
7 0 0 0 0
8 0 0 0 0
9 0 0 0 0
10 0 0 0 0
11 0 0 0 0
12 0 0 0 0
13 0 0 0 0
14 0 0 0 0
15 0 0 0 0
16 0 0 0 0
17 0 0 0 0
18 0 0 0 0
19 0 0 0 0
20 0 0 0 0
21 0 0 0 0
22 0 0 0 0
23 0 0 8 156
24 0 0 0 0
25 0 0 0 0
26 0 0 0 0
27 0 0 0 0
28 0 0 0 0
29 0 0 0 0
30 0 0 0 0
31 0 0 0 0
32 0 0 0 0
33 0 0 0 0
34 0 0 0 0
35 0 0 0 0
36 0 0 0 0
37 0 0 0 0
38 0 0 0 0
39 0 0 0 0
40 0 0 0 0
41 0 0 0 0
42 0 0 0 0
43 0 0 0 0
44 0 0 0 0
45 0 0 0 0
46 0 0 0 0
47 0 0 0 0
48 0 0 0 0
49 0 0 0 0
50 0 0 0 0
51 0 0 0 0
52 0 0 0 0
53 0 0 0 0
54 0 0 0 0
55 0 0 0 0
56 0 0 0 0
57 0 0 0 0
58 0 0 0 0
59 0 0 0 0
60 0 0 0 0
61 0 0 0 0
62 0 0 0 0
63 0 0 0 0
64 0 0 0 0
65 0 0 0 0
66 0 0 0 0
67 0 0 0 0
68 0 0 0 0
69 0 0 0 0
70 0 0 0 0
71 0 0 0 0
72 0 30 718 592
73 0 0 0 0
74 0 0 0 0
75 0 0 0 0
76 0 0 0 0
77 0 0 0 0
78 0 0 0 0
79 0 0 0 0
80 0 0 0 0
81 0 0 0 0
82 0 35 720 825
83 0 13 700 264
84 0 30 717 616
85 0 25 709 652
86 0 89 781 2569
87 0 15 697 799
88 0 15 704 256
89 0 1 681 2503
90 0 10 697 218
91 0 2 681 10008
92 1 2 684 1119
93 1 14 703 257
94 1 30 714 892
95 1 36 725 748
96 1 41 727 991
97 1 33 716 1193
98 1 39 728 830
99 1 11 695 509
100 1 42 735 867
101 2 11 695 734
102 2 232 945 10610
103 2 36 723 852
104 2 14 704 257
105 2 54 741 1394
106 2 2 689 212
107 2 31 717 795
108 2 59 754 1404
109 2 49 737 1185
110 2 12 696 749
111 2 14 705 239
112 2 29 717 624
113 2 4 692 180
114 2 21 707 566
115 2 24 709 752
116 2 15 697 2674
117 2 13 704 223
118 3 21 705 1399
119 3 1 684 2503
120 3 7 692 680
121 3 90 787 2600
122 3 19 708 404
123 3 190 894 7875
124 3 7 691 1166
125 3 99 790 3055
126 3 76 765 2143
127 3 27 716 577
128 3 25 713 579
129 3 60 756 1438
130 3 98 796 2945
131 3 91 791 2631
132 4 4 692 301
133 4 24 711 752
134 4 140 844 4990
135 4 82 778 2278
136 4 16 704 469
137 4 157 862 5920
138 4 137 837 4841
139 4 140 844 4990
140 4 147 848 5374
141 4 143 844 5157
142 4 147 847 5377
143 4 155 853 5828
144 4 26 714 675
145 4 75 774 1983
146 4 138 840 4888
147 4 115 814 3734
148 4 30 722 592
149 4 113 814 3631
150 4 138 838 4894
151 4 2 690 286
152 4 92 789 2691
153 4 6 690 2544
154 4 68 765 1726
155 5 50 745 1130
156 5 89 789 2553
157 5 87 787 2469
158 5 88 784 2535
159 5 211 919 9210
160 5 223 930 10007
161 5 1 694 103
162 6 13 705 296
163 6 77 776 2071
164 6 83 785 2299
165 6 1 690 403
166 6 15 707 330
167 6 27 716 820
168 6 48 745 1056
169 6 41 739 838
170 6 41 736 870
171 6 1 686 10003
172 6 45 736 1109
173 7 96 793 2891
174 7 121 825 4020
175 7 55 747 1427
176 7 19 706 2748
177 7 170 879 6666
178 7 3 690 2515
179 7 300 1021 15596
180 7 86 784 2451
181 7 11 707 192
182 7 61 757 1511
183 7 155 856 5828
184 7 300 1025 15594
185 7 265 984 12950
186 7 300 1018 15597
187 7 9 697 1192
188 7 14 706 361
189 7 93 788 2790
190 7 22 714 513
191 7 25 721 457
192 7 19 713 371
193 7 235 945 10823
194 7 5 698 189
195 7 300 1018 15597
196 8 300 1020 15597
197 8 300 1024 15595
198 8 151 859 5587
199 8 93 796 2725
200 8 113 818 3631
201 8 203 919 8688
202 8 203 911 8697
203 8 112 811 3615
204 8 143 851 5150
205 8 300 1024 15595
206 8 6 694 2544
207 8 181 891 7322
208 9 300 1020 15597
209 9 300 1021 15597
210 9 300 1027 15594
211 9 300 1019 15598
212 9 2 698 131
213 9 135 845 4724
214 9 25 718 652
215 9 118 823 3876
216 9 118 822 3880
217 10 32 730 643
218 10 1 699 103
219 10 1 690 10003
220 10 89 794 2553
221 10 83 788 2303
222 10 80 782 2197
223 10 3 692 10015
224 10 17 716 292
225 10 16 712 348
226 10 23 717 608
227 10 16 714 292
228 10 80 782 2197
229 10 300 1020 15598
230 10 56 751 1461
231 10 62 762 1534
232 10 58 761 1369
233 10 14 712 257
234 10 15 709 452
235 10 23 722 413
236 11 2 692 10008
237 11 9 702 706
238 11 41 736 1065
239 12 17 716 333
240 12 1 700 126
241 12 88 794 2515
242 12 238 953 11031
243 12 6 699 1155
244 12 66 769 1667
245 12 212 933 9270
246 12 26 724 553
247 12 14 713 280
248 12 8 700 2567
249 12 15 710 574
250 12 23 722 454
251 12 33 731 724
252 12 36 734 804
253 12 73 775 1940
254 12 33 731 724
255 12 24 717 1463
256 13 17 715 414
257 13 43 746 915
258 13 12 709 402
259 13 6 699 2544
260 14 75 784 1983
261 14 23 725 430
262 14 10 709 298
263 14 32 736 612
264 15 1 700 280
265 16 37 741 775
266 16 23 728 413
267 16 1 699 628
268 16 22 722 587
269 16 35 736 825
270 16 31 733 674
271 16 37 743 744
272 16 1 697 2503
273 16 39 745 800
274 16 14 718 257
275 16 43 745 1002
276 17 1 697 10003
277 17 1 704 159
278 17 1 704 159
279 17 11 717 192
280 17 49 757 1088
281 17 5 709 156
282 17 48 756 1056
283 17 24 726 556
284 17 38 743 802
285 18 213 937 9338
286 18 215 937 9472
287 18 109 819 3465
288 18 225 944 10143
289 18 84 792 2379
290 18 11 709 2609
291 19 34 744 653
292 19 49 753 1233
293 20 38 745 826
294 20 69 774 1923
295 20 39 745 886
296 20 300 1034 15596
297 20 300 1033 15596
298 20 37 748 734
299 20 300 1031 15597
300 20 300 1030 15598
301 20 300 1037 15595
302 20 300 1033 15596
303 20 300 1034 15596
304 20 1 707 159
305 20 77 790 2071
306 20 300 1033 15596
307 20 300 1031 15597
308 20 79 787 2206
309 20 300 1038 15594
310 20 300 1035 15595
311 21 300 1033 15597
312 21 300 1039 15594
313 21 4 705 2524
314 21 1 703 1114
315 21 3 703 10015
316 21 6 714 167
317 21 300 1036 15595
318 21 24 735 422
319 21 1 709 126
320 22 51 762 1175
321 22 11 720 232
322 22 44 753 999
323 22 42 755 875
324 22 50 758 1216
325 22 50 762 1130
326 22 44 757 934
327 22 27 731 1045
328 22 44 751 1079
329 22 265 998 12950
330 22 1 708 207
331 22 12 714 2624
332 22 19 726 452
333 22 35 747 690
334 22 11 713 2609
335 22 2 704 2508
336 22 20 724 893
337 22 1 707 280
338 22 77 789 2096
339 22 4 705 10024
340 23 167 886 6505
341 23 33 739 968
342 23 175 895 6972
343 23 90 801 2661
344 23 49 758 1185
345 23 82 796 2286
346 23 172 891 6798
347 23 179 901 7207
348 23 2 713 108
349 23 26 731 1022
350 23 176 904 7018
351 23 205 935 8817
352 23 25 729 1486
353 23 210 942 9139
354 23 44 759 926
355 23 83 795 2351
356 23 67 781 1704
357 23 208 930 9022
358 23 204 930 8757
359 23 191 915 7937
360 24 115 835 3730
361 24 64 778 1605
362 24 41 748 1187
363 24 31 745 587
364 24 30 739 697
365 24 26 734 675
366 24 30 745 552
367 24 40 753 841
368 24 47 758 1090
369 24 96 814 2860
370 24 77 787 2183
371 24 74 790 1960
372 24 68 786 1721
373 24 45 761 956
374 24 43 752 1049
375 24 61 778 1473
376 24 84 797 2392
377 24 128 850 4369
378 24 49 764 1088
379 24 32 747 602
380 24 65 780 1631
381 24 42 756 886
382 24 32 744 643
383 24 63 774 1623
384 24 39 751 830
385 24 42 753 940
386 24 97 809 2966
387 24 39 745 1355
388 24 30 741 616
389 25 42 756 899
390 25 1 709 403
391 25 32 740 943
392 25 85 806 2381
393 25 77 797 2061
394 25 43 756 945
395 25 44 753 1153
396 25 43 753 1049
397 25 41 752 943
398 25 36 744 1048
399 25 51 762 1248
400 26 24 731 1463
401 26 4 713 424
402 26 293 1027 15057
403 26 8 720 224
404 26 1 714 126
405 26 25 737 531
406 26 18 731 352
407 26 36 745 1048
408 27 300 1045 15594
409 27 98 814 2993
410 27 12 725 280
411 27 300 1038 15597
412 27 264 1000 12878
413 27 18 725 2729
414 27 4 718 147
415 27 18 731 385
416 28 37 749 952
417 28 19 727 2748
418 28 300 1045 15595
419 28 300 1040 15597
420 28 130 858 4467
421 28 15 725 799
422 28 133 853 4652
423 28 142 872 5093
424 28 162 887 6213
425 28 48 764 1097
426 28 2 714 286
427 28 29 738 1579
428 28 1 710 1114
429 28 25 736 775
430 28 52 768 1224
431 28 41 752 1187
432 28 102 823 3134
433 29 300 1044 15595
434 29 90 816 2589
435 29 55 769 1427
436 29 69 792 1758
437 29 18 727 2729
438 29 44 760 999
439 29 121 846 4023
440 29 1 711 1114
441 30 1 714 403
442 30 300 1043 15596
443 30 300 1048 15594
444 30 46 768 986
445 31 14 729 434
446 31 36 756 730
447 31 36 750 1048
448 31 2 715 633
449 31 16 736 274
450 31 30 745 770
451 31 31 744 1142
452 31 47 766 1066
453 31 41 755 1187
454 31 42 762 899
455 31 39 755 934
456 32 12 732 224
457 32 28 749 527
458 32 18 738 329
459 32 239 975 11099
460 32 24 746 422
461 32 15 735 274
462 32 32 754 612
463 32 43 760 1049
464 32 23 737 955
465 32 237 975 10958
466 32 33 749 846
467 32 23 738 730
468 32 165 896 6381
469 32 76 803 2022
470 32 14 732 313
471 32 254 994 12155
472 32 30 745 892
473 32 5 719 658
474 32 59 779 1459
475 32 34 754 694
476 33 32 750 747
477 33 25 746 475
478 33 203 943 8688
479 33 32 747 1168
480 33 7 723 455
481 33 16 735 348
482 33 154 889 5750
483 33 1 716 628
484 33 16 737 292
485 33 300 1045 15597
486 33 111 842 3533
487 33 34 755 694
488 33 52 772 1248
489 34 36 761 707
490 34 48 765 1397
491 34 3 722 219
492 34 2 723 131
493 35 53 772 1435
494 35 2 719 633
495 35 15 739 256
496 35 26 749 497
497 36 37 758 879
498 36 42 764 972
499 36 38 759 906
500 36 24 743 752
501 36 1 722 207
502 36 15 736 378
503 37 30 755 592
504 37 1 719 1114
505 37 53 780 1226
506 37 4 725 301
507 37 77 808 2066
508 37 38 764 785
509 37 77 809 2061
510 37 2 720 1119
511 37 37 762 775
512 37 30 757 562
513 37 10 727 2594
514 37 28 753 544
515 37 28 754 527
516 37 36 759 804
517 37 14 731 2657
518 37 109 836 3483
519 37 28 750 648
520 37 256 997 12302
521 38 94 822 2803
522 38 300 1052 15596
523 38 54 778 1346
524 38 33 762 627
525 38 19 741 526
526 38 300 1052 15596
527 38 300 1048 15598
528 38 300 1056 15594
529 38 300 1055 15595
530 38 57 786 1350
531 38 204 942 8761
532 38 27 746 1531
533 38 29 751 746
534 38 49 778 1088
535 38 17 744 292
536 38 17 738 610
537 38 18 745 311
538 38 18 743 352
539 38 43 768 969
540 39 35 765 680
541 39 34 762 677
542 39 62 791 1534
543 39 42 767 972
544 39 35 765 680
545 39 43 770 945
546 39 53 785 1201
547 39 1 723 403
548 39 2 724 408
549 39 2 727 164
550 40 77 812 2061
551 40 29 753 746
552 40 30 757 616
553 40 2 723 1119
554 40 2 729 131
555 40 39 768 813
556 40 60 794 1433
557 40 28 750 1069
558 40 11 739 209
559 40 30 752 1117
560 41 44 777 926
561 41 251 1005 11937
562 41 1 727 207
563 41 27 750 1045
564 41 25 747 1486
565 41 25 749 775
566 41 48 772 1397
567 41 36 763 804
568 42 8 734 345
569 42 1 724 1114
570 42 92 823 2729
571 42 17 741 835
572 42 22 745 1420
573 42 4 732 180
574 42 16 741 592
575 42 54 781 1394
576 42 67 795 1801
577 42 37 770 734
578 42 12 734 2624
579 42 31 759 674
580 42 11 740 232
581 42 207 952 8950
582 42 31 761 617
583 42 30 754 1117
584 42 31 759 674
585 42 88 824 2515
586 42 109 847 3444
587 42 11 739 265
588 43 47 773 1366
589 43 300 1055 15597
590 43 37 769 757
591 43 13 736 2640
592 43 13 742 296
593 43 300 1061 15594
594 43 98 837 2941
595 43 2 726 1119
596 43 110 849 3491
597 43 116 853 3787
598 43 300 1058 15595
599 43 130 871 4471
600 43 9 737 285
601 43 300 1058 15595
602 43 31 758 795
603 43 29 761 551
604 43 22 751 465
605 43 23 755 413
606 44 31 763 617
607 44 116 850 3817
608 44 48 784 1048
609 44 48 777 1201
610 44 39 765 1355
611 44 47 776 1170
612 44 12 741 328
613 44 3 730 415
614 44 107 842 3379
615 44 35 768 703
616 44 43 777 915
617 44 59 790 1483
618 44 42 770 1094
619 44 15 739 2674
620 44 15 740 1285
621 44 84 815 2433
622 45 3 736 115
623 45 1 730 280
624 45 83 819 2327
625 45 1 734 103
626 46 287 1043 14596
627 46 11 744 232
628 46 5 739 133
629 46 31 759 1142
630 46 292 1052 14976
631 46 1 733 159
632 46 11 743 265
633 46 135 877 4736
634 46 17 743 2710
635 46 300 1061 15595
636 46 26 761 480
637 46 1 734 126
638 46 300 1060 15596
639 46 29 763 568
640 46 300 1055 15598
641 46 300 1056 15598
642 46 34 768 694
643 46 93 836 2718
644 47 16 746 592
645 47 29 760 746
646 47 30 764 616
647 47 240 998 11163
648 47 7 740 211
649 47 70 812 1791
650 47 243 998 11375
651 47 32 768 625
652 47 45 778 1061
653 47 31 768 587
654 47 15 745 574
655 47 17 748 488
656 47 17 752 310
657 47 31 765 641
658 47 237 994 10955
659 47 13 748 240
660 47 64 805 1575
661 47 71 804 1951
662 47 106 851 3299
663 47 271 1025 13395
664 47 111 852 3547
665 47 271 1031 13391
666 47 114 859 3676
667 47 114 858 3679
668 47 84 821 2379
669 47 29 766 537
670 47 21 756 388
671 48 65 805 1623
672 48 1 729 2503
673 48 7 737 680
674 48 33 771 638
675 49 55 795 1282
676 49 300 1061 15597
677 49 2 739 108
678 49 104 851 3206
679 49 118 866 3868
680 49 33 764 1193
681 50 2 733 1119
682 50 2 735 408
683 50 78 817 2149
684 50 58 799 1384
685 51 7 739 1166
686 51 249 1005 11801
687 51 1 732 2503
688 52 53 793 1257
689 52 108 851 3426
690 52 130 874 4497
691 52 152 906 5639
692 52 125 873 4223
693 52 100 842 3069
694 52 32 772 643
695 52 20 759 391
696 52 12 746 749
697 52 17 750 1321
698 52 79 826 2141
699 52 17 755 366
700 52 64 805 1618
701 52 165 920 6374
702 52 82 821 2351
703 52 36 777 730
704 52 83 822 2391
705 52 21 755 913
706 52 4 742 180
707 52 108 854 3406
708 52 34 769 994
709 52 35 776 703
710 52 13 746 1251
711 52 263 1027 12804
712 52 14 747 1268
713 52 35 770 1021
714 52 36 771 1048
715 52 13 749 418
716 52 69 806 1923
717 53 5 741 433
718 53 7 745 259
719 53 133 883 4629
720 53 86 833 2431
721 53 83 832 2299
722 53 210 965 9146
723 53 72 813 1932
724 53 127 871 4352
725 53 152 900 5656
726 53 1 741 126
727 53 88 831 2545
728 53 16 755 348
729 53 33 768 1193
730 53 18 758 352
731 53 180 931 7269
732 53 18 760 311
733 53 32 771 699
734 53 179 935 7200
735 53 8 749 167
736 53 62 807 1515
737 54 14 752 434
738 54 110 857 3505
739 54 18 760 329
740 54 15 758 256
741 54 16 754 469
742 54 16 755 396
743 54 15 754 378
744 54 12 747 1235
745 54 15 753 452
746 54 29 769 624
747 54 15 750 1285
748 54 1 743 103
749 54 29 767 746
750 54 150 903 5534
751 54 6 747 167
752 54 31 767 1142
753 54 18 758 385
754 55 15 753 574
755 55 48 792 1080
756 55 16 757 348
757 55 34 775 751
758 55 44 785 1031
759 55 7 741 10055
760 55 17 754 835
761 55 45 785 1109
762 55 102 848 3149
763 55 32 774 666
764 55 18 761 329
765 55 98 848 2945
766 56 6 750 144
767 56 31 776 600
768 56 299 1063 15521
769 56 9 746 1192
770 56 3 742 415
771 56 1 742 207
772 56 31 774 641
773 56 38 783 785
774 56 38 777 1102
775 56 22 762 587
776 56 30 771 697
777 56 21 763 444
778 56 6 749 167
779 56 43 785 1002
780 56 28 768 722
781 56 27 768 624
782 56 26 767 601
783 56 21 761 566
784 56 17 762 292
785 56 23 767 430
786 56 9 746 1192
787 57 36 776 1048
788 57 39 782 886
789 57 60 802 1598
790 57 58 807 1376
791 57 45 785 1305
792 57 13 755 344
793 57 46 789 1092
794 57 36 781 748
795 57 4 747 180
796 57 25 771 457
797 57 16 753 2692
798 57 17 755 1321
799 57 16 758 396
800 57 28 774 527
801 57 2 741 633
802 57 14 754 557
803 57 2 739 2508
804 57 14 756 361
805 57 11 757 192
806 57 14 754 557
807 57 21 763 492
808 57 101 848 3114
809 57 48 793 1097
810 58 300 1073 15595
811 58 117 871 3827
812 58 7 747 680
813 58 111 866 3536
814 58 27 767 1045
815 58 55 802 1306
816 58 109 856 3496
817 58 160 919 6090
818 58 300 1076 15594
819 58 82 833 2272
820 58 39 779 1355
821 58 131 890 4516
822 58 116 873 3770
823 58 38 778 1327
824 58 181 941 7322
825 58 7 750 259
826 58 38 783 826
827 58 22 764 587
828 58 22 769 392
829 58 180 942 7259
830 59 143 897 5164
831 59 22 762 1420
832 59 31 773 917
833 59 1 748 103
834 59 12 757 280
835 59 99 848 3024
836 59 149 902 5495
837 59 143 903 5148
838 59 300 1068 15598
839 59 2 745 286
840 60 1 740 10003
841 60 47 792 1170
842 60 1 747 159
843 60 18 761 629
844 60 79 825 2262
845 60 90 846 2592
846 60 25 769 652
847 60 47 790 1366
848 60 23 768 534
849 60 47 797 1036
850 60 14 758 434
851 60 54 800 1346
852 61 10 755 372
853 61 21 771 371
854 61 39 782 1355
855 61 29 777 591
856 61 1 749 126
857 61 5 748 658
858 61 10 755 372
859 61 9 751 1192
860 61 14 760 361
861 61 34 781 751
862 61 24 773 452
863 61 23 767 730
864 61 28 779 513
865 61 32 779 699
866 61 32 778 747
867 61 23 765 1442
868 61 31 776 795
869 62 33 779 846
870 62 5 748 1144
871 62 22 769 513
872 62 39 786 934
873 62 13 763 240
874 62 14 757 1268
875 62 15 760 574
876 62 37 783 952
877 62 29 774 868
878 62 23 775 400
879 62 232 1001 10613
880 62 52 806 1175
881 62 52 804 1194
882 62 62 816 1515
883 62 53 799 1435
884 62 15 765 274
885 62 64 815 1618
886 62 30 782 562
887 62 16 759 1303
888 62 85 840 2395
889 62 2 747 408
890 62 7 753 333
891 62 57 805 1447
892 62 15 758 1285
893 62 31 784 576
894 62 30 783 552
895 62 15 763 330
896 62 31 775 1142
897 62 10 761 177
898 62 61 809 1585
899 62 54 807 1249
900 62 16 763 396
901 62 246 1018 11584
902 62 140 896 5008
903 62 137 897 4835
904 62 18 769 311
905 62 70 826 1796
906 62 10 753 1205
907 62 22 768 587
908 62 15 760 574
909 62 55 804 1347
910 62 30 781 575
911 62 47 800 1025
912 63 2 747 633
913 63 40 794 818
914 63 1 752 103
915 63 33 778 1193
916 63 5 756 133
917 63 41 791 911
918 63 14 766 239
919 63 57 810 1360
920 64 2 754 108
921 64 1 744 10003
922 64 32 783 666
923 64 24 770 977
924 64 160 921 6099
925 64 154 914 5764
926 64 54 803 1394
927 64 3 753 171
928 64 14 761 557
929 64 23 775 430
930 64 83 840 2312
931 64 40 796 809
932 64 31 785 587
933 64 46 797 1059
934 64 33 780 968
935 64 6 756 200
936 65 1 748 628
937 65 37 785 1075
938 65 50 803 1160
939 65 300 1081 15595
940 65 300 1078 15596
941 65 72 824 1956
942 65 79 834 2175
943 65 83 835 2391
944 65 32 779 1168
945 65 300 1078 15596
946 65 300 1076 15597
947 66 26 777 601
948 66 2 752 286
949 66 35 789 721
950 66 40 794 858
951 66 38 793 785
952 66 38 787 1102
953 66 38 788 980
954 66 30 781 697
955 66 300 1075 15598
956 66 2 750 633
957 66 1 747 2503
958 66 16 764 817
959 66 21 770 688
960 66 19 766 1359
961 66 21 775 388
962 66 23 772 730
963 66 10 760 372
964 67 12 768 207
965 67 30 785 592
966 67 247 1020 11658
967 67 104 867 3212
968 67 16 765 817
969 67 11 763 313
970 67 11 766 209
971 67 40 797 828
972 67 40 795 858
973 67 269 1047 13244
974 67 4 751 2524
975 68 49 801 1306
976 68 31 781 1142
977 68 33 788 692
978 68 18 772 385
979 68 15 768 378
980 68 15 764 1285
981 68 18 768 854
982 68 15 763 2674
983 68 16 767 592
984 68 33 789 668
985 68 175 941 6970
986 68 65 820 1695
987 68 17 772 333
988 68 15 772 256
989 68 7 761 211
990 68 31 785 674
991 69 39 796 830
992 69 108 871 3406
993 69 33 784 1193
994 69 23 781 413
995 69 24 777 630
996 69 17 773 333
997 69 24 782 435
998 69 17 768 835
999 69 18 768 1340
1000 69 17 766 2710
1001 69 24 779 508
1002 69 110 877 3486
1003 69 108 871 3406
1004 69 163 933 6262
1005 69 163 933 6262
1006 69 41 793 1187
1007 69 163 927 6277
1008 69 167 934 6499
1009 69 95 856 2828
1010 69 15 764 2674
1011 69 2 752 1119
1012 69 15 769 378
1013 69 151 922 5583
1014 69 147 918 5364
1015 69 34 790 718
1016 70 8 764 224
1017 70 1 753 628
1018 70 1 757 159
1019 70 69 824 1923
1020 70 15 768 574
1021 70 23 776 730
1022 70 6 763 167
1023 70 107 873 3351
1024 70 1 750 10003
1025 71 300 1087 15595
1026 71 300 1087 15595
1027 71 26 785 497
1028 72 20 781 350
1029 72 24 783 476
1030 72 16 777 274
1031 72 279 1058 13992
1032 72 82 842 2327
1033 72 45 809 956
1034 72 44 799 1275
1035 72 2 761 131
1036 72 9 769 181
1037 72 15 775 274
1038 72 14 766 2657
1039 72 258 1041 12441
1040 72 1 752 10003
1041 72 67 830 1704
1042 72 11 772 192
1043 72 5 759 658
1044 73 7 761 1166
1045 73 300 1083 15598
1046 73 300 1089 15595
1047 73 8 767 224
1048 74 1 763 103
1049 74 11 772 232
1050 74 16 776 348
1051 75 84 853 2348
1052 75 29 790 624
1053 75 31 789 917
1054 75 2 758 1119
1055 76 45 812 964
1056 76 33 799 638
1057 76 1 760 403
1058 76 1 761 280
1059 77 2 764 212
1060 77 9 773 204
1061 77 242 1025 11306
1062 77 74 845 1948
1063 77 58 827 1376
1064 77 52 817 1224
1065 77 11 776 209
1066 77 4 766 228
1067 77 178 956 7143
1068 78 1 765 159
1069 78 15 778 378
1070 78 1 760 1114
1071 78 13 775 418
1072 78 40 806 858
1073 79 60 827 1494
1074 79 13 772 2640
1075 79 40 807 858
1076 79 37 805 757
1077 79 53 818 1313
1078 79 30 798 575
1079 80 38 802 980
1080 80 24 789 556
1081 80 2 768 164
1082 80 23 789 487
1083 80 22 792 379
1084 80 39 802 1130
1085 80 53 826 1201
1086 80 29 794 672
1087 80 31 796 721
1088 80 56 821 1461
1089 80 38 804 858
1090 81 20 783 893
1091 81 1 763 1114
1092 82 30 799 616
1093 82 31 801 617
1094 82 11 774 1220
1095 82 54 824 1290
1096 82 15 777 2674
1097 82 35 802 825
1098 82 39 804 1130
1099 82 12 776 749
1100 82 254 1047 12153
1101 82 10 780 194
1102 82 1 769 159
1103 82 206 990 8887
1104 82 33 801 724
1105 82 198 985 8372
1106 82 26 798 467
1107 82 14 778 782
1108 82 17 781 835
1109 82 15 777 2674
1110 82 1 764 1114
1111 82 4 771 228
1112 82 22 786 934
1113 82 7 770 1166
1114 82 13 784 223
1115 83 121 896 4044
1116 83 10 773 2594
